1 0 3586 0.00 0.00 0.00 3640 3900
1 0 3586 0.00 0.00 0.00 5 5
1 0 3585 0.00 0.00 0.00 3645 3840
1 0 3584 0.00 0.00 0.00 3650 3910
1 0 3586 0.00 0.00 0.00 5 5
1 0 3585 0.00 0.00 0.00 5 5
1 0 3584 0.00 0.00 0.00 5 5
1 0 3586 0.00 0.00 0.00 5 5
1 0 3585 0.00 0.00 0.00 5 5
1 0 3584 0.00 0.00 0.00 5 5
1 0 3586 0.00 0.00 0.00 5 5
1 0 3585 0.00 0.00 0.00 5 5
1 0 3584 0.00 0.00 0.00 5 5
1 0 3586 0.00 0.00 0.00 5 5
1 0 3585 0.00 0.00 0.00 5 5
1 0 3584 0.00 0.00 0.00 5 5
1 0 3586 0.00 0.00 0.00 5 5
1 0 3585 0.00 0.00 0.00 5 5
1 0 3584 0.00 0.00 0.00 5 5
1 0 3586 0.00 0.00 0.00 5 5
1 0 3585 0.00 0.00 0.00 5 5
1 0 3584 0.00 0.00 0.00 5 5
1 0 3586 0.00 0.00 0.00 5 5
1 0 3585 0.00 0.00 0.00 10 10
1 0 3584 0.00 0.00 0.00 5 5
1 0 3586 0.00 0.00 0.00 5 5
1 0 3585 0.00 0.00 0.00 5 5
1 0 3584 0.00 0.00 0.00 5 5
1 0 3586 0.00 0.00 0.00 10 15
1 0 3585 0.00 0.00 0.00 5 5
1 0 3584 0.00 0.00 0.00 10 10
1 0 3586 0.00 0.00 0.00 5 5
1 0 3585 0.00 0.00 0.00 5 5
1 0 3584 0.00 0.00 0.00 5 5
1 0 3586 0.00 0.00 0.00 5 5
1 0 3585 0.00 0.00 0.00 5 5
1 0 3584 0.00 0.00 0.00 5 5
1 0 3584 0.00 0.00 0.00 5 5
1 0 3586 0.00 0.00 0.00 5 5
1 0 3585 0.00 0.00 0.00 5 5
1 0 3586 0.00 0.00 0.00 5 5
1 0 3585 0.00 0.00 0.00 5 5
1 0 3584 0.00 0.00 0.00 5 5
1 0 3586 0.00 0.00 0.00 5 5
1 0 3585 0.00 0.00 0.00 5 5
1 0 3584 0.00 0.00 0.00 5 5
1 0 3586 0.00 0.00 0.00 5 5
1 0 3585 0.00 0.00 0.00 5 5
1 0 3584 0.00 0.00 0.00 5 5
1 0 3586 0.00 0.00 0.00 5 5
1 0 3585 0.00 0.00 0.00 5 5
1 1378 3584 15451.70 5649.20 280.40 1669 197
1 0 3586 0.00 0.00 0.00 5 5
1 0 3585 0.00 0.00 0.00 10 15
1 2672 3584 60133.82 11380.80 0.72 3146 30
1 0 3586 0.00 0.00 0.00 5 5
1 0 3585 0.00 0.00 0.00 5 5
1 2672 3584 116129.84 12284.96 0.96 3146 40
1 0 3586 0.00 0.00 0.00 10 15
1 0 3585 0.00 0.00 0.00 5 5
1 2672 3584 168198.27 13615.44 0.72 3172 30
1 0 3586 0.00 0.00 0.00 5 5
1 0 3585 0.00 0.00 0.00 5 5
1 2672 3584 200354.16 32151.68 0.96 6828 45
1 0 3586 0.00 0.00 0.00 5 5
1 0 3585 0.00 0.00 0.00 5 5
1 2660 3584 103261.36 64379.68 1.20 12431 50
1 0 3586 0.00 0.00 0.00 5 5
1 2672 3584 7823.72 35526.72 1.20 6444 50
1 0 3585 0.00 0.00 0.00 5 5
1 0 3586 0.00 0.00 0.00 5 5
1 0 3585 0.00 0.00 0.00 5 5
1 2672 3584 769.90 26717.84 1.20 4589 50
1 0 3586 0.00 0.00 0.00 5 5
1 0 3585 0.00 0.00 0.00 5 5
1 2672 3584 793.15 26835.76 1.20 4202 50
1 0 3586 0.00 0.00 0.00 5 5
1 0 3585 0.00 0.00 0.00 5 5
1 2672 3584 1072.62 26716.24 1.20 3992 50
1 0 3586 0.00 0.00 0.00 5 5
1 0 3585 0.00 0.00 0.00 5 5
1 2672 3584 816.17 26954.72 48.16 3759 84
1 0 3586 0.00 0.00 0.00 5 5
1 0 3585 0.00 0.00 0.00 5 5
1 2672 3584 781.63 26834.16 1.20 3558 50
1 0 3586 0.00 0.00 0.00 5 5
1 0 3585 0.00 0.00 0.00 10 10
1 2672 3584 793.51 26833.36 1.20 3461 50
1 0 3586 0.00 0.00 0.00 5 5
1 0 3585 0.00 0.00 0.00 5 5
1 2672 3584 780.73 26833.76 1.20 3259 50
1 0 3586 0.00 0.00 0.00 10 10
1 0 3585 0.00 0.00 0.00 5 5
1 2672 3584 817.29 26833.36 1.20 3081 50
1 0 3586 0.00 0.00 0.00 5 5
1 2672 3584 794.72 26833.36 1.20 2894 50
1 0 3585 0.00 0.00 0.00 5 5
1 0 3586 0.00 0.00 0.00 5 5
1 2660 3584 801.22 26833.36 1.20 2804 50
1 0 3585 0.00 0.00 0.00 5 5
1 0 3586 0.00 0.00 0.00 5 5
1 0 3585 0.00 0.00 0.00 5 5
1 2672 3584 797.49 26713.84 1.20 2651 50
1 0 3586 0.00 0.00 0.00 5 5
1 2672 3584 814.86 26833.36 1.20 2604 50
1 0 3585 0.00 0.00 0.00 5 5
1 0 3586 0.00 0.00 0.00 5 5
1 0 3585 0.00 0.00 0.00 5 5
1 2672 3584 807.70 26834.56 1.20 2596 50
1 0 3586 0.00 0.00 0.00 5 5
1 0 3585 0.00 0.00 0.00 5 5
1 2672 3584 794.74 26833.60 48.16 2598 72
1 0 3586 0.00 0.00 0.00 5 5
1 0 3585 0.00 0.00 0.00 5 5
1 2672 3584 828.16 26833.36 1.20 2602 50
1 0 3586 0.00 0.00 0.00 5 5
1 0 3585 0.00 0.00 0.00 10 15
1 2672 3584 805.24 26832.96 1.20 2600 50
1 0 3586 0.00 0.00 0.00 5 5
1 0 3585 0.00 0.00 0.00 5 5
1 2672 3584 785.58 26833.36 1.20 2623 50
1 0 3586 0.00 0.00 0.00 10 15
1 0 3585 0.00 0.00 0.00 5 5
1 2672 3584 801.40 26833.36 1.20 2603 50
1 0 3586 0.00 0.00 0.00 5 5
1 0 3585 0.00 0.00 0.00 5 5
1 2672 3584 805.48 26833.36 1.20 2599 50
1 0 3586 0.00 0.00 0.00 5 5
1 2672 3584 806.45 26834.16 1.20 2599 50
1 0 3585 0.00 0.00 0.00 5 5
1 0 3586 0.00 0.00 0.00 5 5
1 0 3585 0.00 0.00 0.00 5 5
1 2672 3584 787.29 26833.36 1.20 2601 50
1 0 3586 0.00 0.00 0.00 5 5
1 0 3585 0.00 0.00 0.00 5 5
1 2660 3584 807.00 26713.04 1.20 2587 50
1 0 3586 0.00 0.00 0.00 5 5
1 0 3585 0.00 0.00 0.00 5 5
1 2672 3584 802.30 26833.76 1.20 2603 50
1 0 3586 0.00 0.00 0.00 5 5
1 0 3585 0.00 0.00 0.00 5 5
1 2672 3584 779.14 26833.60 48.16 2603 72
1 0 3586 0.00 0.00 0.00 5 5
1 0 3585 0.00 0.00 0.00 5 5
1 2672 3584 794.84 26834.16 1.20 2638 50
1 0 3586 0.00 0.00 0.00 5 5
1 0 3585 0.00 0.00 0.00 5 10
1 2672 3584 807.69 26834.16 1.20 2599 50
1 0 3586 0.00 0.00 0.00 5 5
1 0 3585 0.00 0.00 0.00 10 10
1 2672 3584 806.03 26833.36 1.20 2601 50
1 0 3586 0.00 0.00 0.00 10 15
1 0 3585 0.00 0.00 0.00 5 5
1 2672 3584 816.30 26953.68 1.20 2611 50
1 0 3586 0.00 0.00 0.00 5 5
1 0 3585 0.00 0.00 0.00 5 5
1 2672 3584 814.09 26713.04 1.20 2586 50
1 0 3586 0.00 0.00 0.00 5 5
1 2672 3584 851.31 26833.36 1.20 2595 50
1 1857 3585 737.09 18532.96 280.48 2751 207
1 0 3586 0.00 0.00 0.00 5 5
1 2660 3585 745.19 26834.96 1.20 3684 50
1 2672 3584 886.39 26834.96 1.20 2590 50
1 0 3586 0.00 0.00 0.00 5 5
1 2672 3585 781.85 26833.76 1.20 3451 50
1 2672 3584 868.61 26833.36 1.20 2595 50
1 0 3586 0.00 0.00 0.00 5 5
1 2672 3585 761.32 26833.76 1.20 3090 50
1 2660 3584 827.88 26833.76 1.20 2633 50
1 0 3586 0.00 0.00 0.00 5 5
1 2672 3585 737.23 26833.36 1.20 2915 50
1 2672 3584 882.01 26713.28 48.16 2582 72
1 0 3586 0.00 0.00 0.00 5 5
1 2672 3585 774.79 26833.36 1.20 2622 50
1 2672 3584 861.65 26833.36 1.20 2593 50
1 0 3586 0.00 0.00 0.00 5 5
1 2672 3585 759.77 26834.16 1.20 2431 50
1 2672 3584 904.22 26713.44 1.20 2585 50
1 0 3586 0.00 0.00 0.00 5 5
1 2672 3585 784.94 26833.76 1.20 2312 50
1 2672 3584 827.78 26953.68 1.20 2607 50
1 0 3586 0.00 0.00 0.00 10 15
1 2672 3585 737.76 26833.76 1.20 2149 50
1 2672 3584 887.32 26833.76 1.20 2592 50
1 0 3586 0.00 0.00 0.00 5 5
1 2672 3585 739.81 26833.36 1.44 1990 55
1 2672 3584 838.41 26833.36 1.20 2595 50
1 0 3586 0.00 0.00 0.00 5 5
1 2672 3584 880.54 26832.96 1.20 2598 50
1 2672 3585 766.16 26834.00 48.16 1908 89
1 0 3586 0.00 0.00 0.00 5 5
1 2672 3585 760.14 26715.04 1.44 1780 55
1 2672 3584 813.53 26833.36 1.20 2596 50
1 0 3586 0.00 0.00 0.00 5 5
1 2672 3585 743.62 26833.76 0.96 1760 45
1 2672 3584 826.95 26833.36 1.20 2595 50
1 0 3586 0.00 0.00 0.00 5 5
1 2660 3585 731.50 26833.76 1.20 1691 50
1 2672 3584 812.34 26833.76 1.20 2592 50
1 0 3586 0.00 0.00 0.00 5 5
1 2672 3585 753.43 26833.36 1.44 1545 55
1 2660 3584 821.24 26833.60 48.16 2594 72
1 0 3586 0.00 0.00 0.00 5 5
1 2672 3585 734.68 26834.16 0.96 1490 45
1 2672 3584 813.48 26713.04 1.20 2584 50
1 0 3586 0.00 0.00 0.00 5 5
1 2672 3585 727.69 26833.76 1.20 1478 50
1 2672 3584 853.62 26833.36 1.20 2593 50
1 0 3586 0.00 0.00 0.00 5 5
1 2672 3585 754.87 26833.76 1.20 1473 50
1 2672 3584 817.20 26833.36 1.20 2632 50
1 0 3586 0.00 0.00 0.00 10 15
1 2672 3585 758.84 26833.36 1.20 1465 50
1 2672 3584 866.75 26833.36 1.20 2597 50
1 0 3586 0.00 0.00 0.00 5 5
1 2672 3585 782.59 26833.76 1.20 1464 50
1 2672 3584 840.60 26833.36 1.20 2633 50
1 0 3586 0.00 0.00 0.00 5 5
1 2672 3584 863.96 26833.36 1.20 2596 50
1 2672 3585 712.66 26834.40 48.16 1481 72
1 0 3586 0.00 0.00 0.00 5 5
1 2672 3585 747.59 26833.76 1.20 1484 50
1 2672 3584 833.38 26833.36 1.20 2594 50
1 0 3586 0.00 0.00 0.00 5 5
1 2672 3585 755.87 26833.76 1.20 1446 50
1 2672 3584 816.53 26953.68 1.20 2608 50
1 0 3586 0.00 0.00 0.00 5 5
1 2672 3585 767.71 26713.04 1.20 1338 50
1 2672 3584 837.24 26713.04 1.20 2583 50
1 0 3586 0.00 0.00 0.00 5 5
1 2672 3585 772.39 26833.36 1.20 1338 50
1 2672 3584 839.23 26834.00 48.16 2592 72
1 0 3586 0.00 0.00 0.00 5 5
1 2660 3585 744.58 26834.16 1.20 1345 50
1 2672 3584 848.45 26833.36 1.20 2593 50
1 0 3586 0.00 0.00 0.00 5 5
1 2672 3585 752.82 26833.36 1.20 1327 50
1 2660 3584 842.78 26713.04 1.20 2581 50
1 0 3586 0.00 0.00 0.00 5 5
1 2672 3585 729.43 26833.36 1.20 1349 50
1 2672 3584 836.10 26833.76 1.20 2596 50
1 0 3586 0.00 0.00 0.00 5 5
1 2672 3585 761.39 26833.36 1.20 1351 50
1 2672 3584 833.88 26833.76 1.20 2592 50
1 0 3586 0.00 0.00 0.00 10 10
1 2672 3585 758.36 26833.36 1.20 1426 50
1 2672 3584 843.57 26833.36 1.20 2592 50
1 0 3586 0.00 0.00 0.00 5 5
1 2672 3585 757.71 26834.80 48.40 1330 77
1 2672 3584 844.14 26954.08 1.20 2608 50
1 0 3586 0.00 0.00 0.00 5 5
1 2672 3585 739.10 26833.36 1.20 1328 55
1 2672 3584 848.96 26713.04 1.20 2583 50
1 0 3586 0.00 0.00 0.00 5 5
1 2672 3585 769.13 26833.36 1.20 1360 50
1 2672 3584 823.41 26833.36 1.20 2596 50
1 0 3586 0.00 0.00 0.00 5 5
1 2672 3585 764.51 26713.44 1.20 1459 50
1 2672 3584 828.21 26833.36 1.20 2594 50
1 0 3586 0.00 0.00 0.00 5 5
1 2672 3585 748.29 26833.76 1.20 1447 50
1 2672 3584 821.61 26954.32 48.16 2608 72
1 0 3586 0.00 0.00 0.00 5 5
1 2660 3585 733.99 26833.76 1.20 1365 50
1 2672 3584 853.35 26713.04 1.20 2602 50
1 0 3586 0.00 0.00 0.00 5 5
1 2672 3585 729.45 26833.36 1.20 1349 50
1 2672 3584 842.79 26833.76 1.20 2592 50
1 275 3586 659.40 2768.16 0.00 876 5
1 2672 3585 968.73 26231.36 1.20 1323 50
1 2660 3584 1094.68 26594.72 1.20 2558 50
1 2672 3586 2294.75 26852.16 190.00 7701 229
1 2672 3585 950.12 26832.16 1.20 1456 50
1 2672 3584 1281.09 26834.96 1.20 2577 50
1 2672 3586 1263.21 26303.84 94.40 7038 156
1 2672 3585 953.50 27433.76 1.20 1486 50
1 2672 3584 1150.16 26955.28 1.20 2661 45
1 2672 3586 956.62 27388.72 1.20 6784 50
1 2672 3584 1183.74 26836.16 1.20 2757 50
1 2672 3585 948.46 26832.56 3.92 1478 84
1 2672 3586 952.18 26840.96 1.20 6119 50
1 2672 3585 915.49 26834.88 85.60 1484 90
1 2672 3584 1063.64 26594.32 1.20 2850 50
1 2672 3586 824.84 26840.96 1.20 5556 50
1 2672 3585 801.73 26111.44 1.20 1512 50
1 2672 3584 1226.62 26834.56 1.20 3041 50
1 2672 3586 805.94 26720.24 1.20 5155 50
1 2672 3585 762.37 27556.08 1.20 1618 50
1 2672 3584 938.78 26956.08 1.20 3292 50
1 2672 3586 800.64 26838.56 1.20 4748 50
1 2672 3585 793.21 26833.76 1.20 1590 50
1 2672 3584 893.77 26955.52 48.16 3443 72
1 2672 3586 777.00 26836.56 1.20 4424 50
1 2672 3585 798.27 26712.64 1.20 1546 50
1 2672 3584 843.42 26833.36 1.20 3540 50
1 2660 3586 803.06 26834.96 1.20 4107 50
1 2672 3585 838.09 26832.96 1.20 1565 50
1 2672 3584 1011.71 26958.88 1.20 3703 50
1 2672 3586 769.24 26833.36 1.20 3880 50
1 2660 3585 785.71 26232.16 1.44 1517 55
1 2672 3584 1064.80 26717.04 1.20 3982 50
1 2672 3586 788.19 26833.60 48.16 3677 84
1 2672 3585 823.19 27436.16 0.96 1600 45
1 2660 3584 814.86 26716.64 1.20 4213 50
1 2672 3586 771.61 26833.36 1.20 3519 55
1 2672 3585 798.25 26834.56 1.44 1554 55
1 2672 3584 844.54 26840.96 1.20 4506 50
1 2672 3586 802.60 26833.36 1.20 3387 50
1 2672 3584 817.51 26961.28 1.20 4847 50
1 2672 3585 783.37 26834.56 3.92 1554 89
1 2672 3586 796.98 26833.36 1.20 3190 50
1 2672 3585 765.68 26836.48 85.60 1555 95
1 2672 3584 867.83 26721.04 1.20 5194 50
1 2672 3586 771.10 26833.36 1.20 3007 50
1 2672 3585 755.57 26112.24 1.20 1537 45
1 2672 3584 873.98 26840.96 1.20 5240 50
1 2672 3586 755.06 26833.76 1.20 2856 50
1 2672 3585 788.24 27556.08 1.20 1631 50
1 2672 3584 880.56 26841.36 1.20 5235 50
1 2672 3586 762.70 26713.04 1.20 2744 50
1 2672 3585 783.65 26834.16 1.20 1553 50
1 2672 3584 842.87 26961.52 47.92 5266 72
1 2672 3586 760.01 26833.36 1.20 2639 50
1 2672 3584 848.54 26721.44 1.20 5211 50
1 2672 3585 746.58 26113.04 1.20 1526 50
1 2672 3586 771.29 26833.36 1.20 2600 50
1 2672 3585 946.00 27434.16 1.20 1553 50
1 2672 3584 871.00 26841.36 1.20 5295 50
1 2672 3586 774.60 26834.16 1.20 2601 50
1 2672 3585 888.25 26230.16 1.20 1468 50
1 2672 3584 883.98 26840.96 1.20 5238 45
1 2660 3586 745.68 26833.60 48.16 2599 72
1 2660 3585 875.81 27434.16 1.20 1564 50
1 2672 3584 860.12 26961.68 1.20 5262 50
1 2672 3586 771.67 26833.76 1.20 2599 55
1 2672 3585 762.51 26833.36 1.20 1554 50
1 2660 3584 841.98 26600.32 1.20 5192 45
1 2672 3586 763.09 26833.36 1.20 2599 50
1 2672 3584 867.77 26841.36 1.20 5236 50
1 2672 3585 796.87 26834.00 48.16 1579 67
1 2672 3586 786.95 26833.36 1.20 2605 50
1 2672 3585 771.52 26833.76 1.20 1555 50
1 2672 3584 845.57 26841.76 1.20 5294 50
1 2672 3586 797.52 26833.76 1.20 2601 50
1 2672 3585 776.18 26833.36 1.20 1588 50
1 2672 3584 840.70 26961.28 1.20 5259 50
1 2672 3586 792.36 26833.36 1.20 2602 50
1 2672 3585 782.92 26832.56 1.20 1556 50
1 2672 3584 843.66 26721.04 1.20 5273 50
1 2672 3586 792.30 26833.36 1.20 2601 50
1 2672 3585 783.74 26833.76 1.20 1566 50
1 3990 3584 1021.16 39962.48 48.16 7177 72
1 2672 3586 763.22 26713.44 1.20 2590 50
1 2672 3585 837.86 26111.04 1.20 1511 50
1 5033 3584 1056.05 50559.60 1.20 8414 50
1 2672 3586 778.75 26833.36 1.20 2602 50
1 2672 3585 804.21 27555.28 1.20 1595 50
1 5021 3584 975.56 50674.72 1.20 7877 50
1 2672 3586 787.69 26833.36 1.20 2600 50
1 2672 3585 768.81 26111.04 1.20 1548 60
1 5021 3584 973.80 50190.64 1.20 7397 50
1 2672 3586 774.85 26833.60 48.16 2602 72
1 2672 3585 801.65 27434.96 1.20 1602 45
1 5021 3584 965.50 50432.08 1.20 6954 50
1 2660 3586 783.78 26833.36 1.20 2603 55
1 2660 3585 791.54 26833.36 1.20 1564 50
1 5021 3584 939.63 50429.28 1.20 6642 50
1 2672 3586 778.50 26833.76 1.20 2601 50
1 5021 3584 946.75 50549.60 1.20 6642 50
1 2672 3585 767.24 26231.60 48.16 1544 72
1 2672 3586 800.56 26833.76 1.20 2594 50
1 2672 3585 814.02 27439.68 5.28 1599 55
1 5021 3584 932.78 50308.56 1.20 6613 50
1 2672 3586 778.13 26833.36 1.20 2599 50
1 2672 3585 815.95 26833.36 1.20 1601 50
1 5021 3584 932.67 50428.88 1.20 6629 50
1 2672 3586 781.25 26833.36 1.20 2604 50
1 2672 3585 786.36 26833.36 1.20 1554 50
1 5021 3584 955.28 50429.28 1.20 6629 50
1 2672 3586 782.88 26833.36 1.20 2599 50
1 2672 3585 802.92 26111.44 1.20 1512 50
1 5021 3584 919.83 50669.12 1.20 6667 50
1 2672 3586 779.54 26833.36 1.20 2602 50
1 2672 3585 820.46 27555.68 1.20 1595 50
1 5021 3584 925.25 50188.48 48.16 6604 67
1 2672 3586 741.03 26833.76 1.20 2600 50
1 2672 3585 770.40 26832.96 1.20 1569 50
1 5021 3584 926.65 50428.88 1.20 6632 50
1 2672 3586 742.63 26713.04 1.20 2592 50
1 5021 3584 933.07 50548.80 1.20 6647 50
1 2672 3585 797.86 26112.24 1.20 1513 50
1 2672 3586 722.16 26834.00 48.16 2618 72
1 2672 3585 819.08 27434.96 1.20 1599 50
1 5033 3584 923.93 50550.96 1.20 6648 50
1 2672 3586 763.53 26833.36 1.20 2599 50
1 2672 3585 811.53 26232.56 1.20 1509 50
1 5021 3584 934.46 50307.60 1.20 6613 50
1 2672 3586 775.43 26833.76 1.20 2599 55
1 2660 3585 892.48 27433.76 4.56 1554 89
1 5021 3584 922.76 50428.88 1.20 6631 50
1 2660 3586 782.10 26833.36 1.20 2601 50
1 2672 3585 877.28 26231.84 45.60 1469 65
1 5021 3584 924.93 50308.96 1.20 6615 50
1 2672 3585 879.95 27433.36 1.20 1562 50
1 5009 3584 914.24 50668.72 1.20 6665 50
1 2672 3586 782.64 26833.36 1.20 2601 50
1 2672 3586 774.19 26833.36 1.20 2599 50
1 2672 3585 763.76 26834.16 1.20 1563 50
1 5021 3584 893.86 50306.96 1.20 6619 50
1 2672 3585 790.94 26832.96 1.20 1589 50
1 5033 3584 903.78 50428.08 1.20 6633 50
1 2672 3586 797.19 26834.16 1.20 2600 50
1 2672 3586 781.17 26833.36 1.20 2602 50
1 2672 3585 752.91 26834.16 1.20 1562 50
1 5021 3584 923.42 50428.32 48.16 6632 72
1 2672 3586 798.39 26833.36 1.20 2601 50
1 2672 3585 795.10 26834.56 1.20 1552 50
1 5021 3584 934.81 50669.12 1.20 6667 50
1 2672 3586 797.70 26833.36 1.20 2602 50
1 2672 3585 785.25 26834.16 1.20 1552 50
1 5021 3584 901.53 50187.44 1.20 6600 50
1 2672 3586 785.19 26713.68 48.16 2586 72
1 2672 3585 802.55 26725.20 1.20 1571 50
1 5021 3584 915.58 50428.48 1.20 6629 50
1 2672 3586 786.11 26833.76 1.20 2603 50
1 2672 3585 812.59 26833.76 1.20 1563 50
1 5021 3584 914.19 50428.88 1.20 6631 50
1 2672 3586 779.86 26833.36 1.20 2600 55
1 5033 3584 936.90 50550.40 1.20 6647 50
1 2672 3585 791.83 26822.64 48.16 1553 72
1 2672 3586 805.72 26833.36 1.20 2602 50
1 2672 3585 741.94 26833.76 1.20 1555 50
1 5021 3584 984.34 50435.68 1.20 6689 50
1 2660 3586 765.75 26833.36 1.20 2600 50
1 2660 3585 731.86 26232.56 1.20 1545 50
1 5021 3584 977.26 50315.36 1.20 6612 50
1 2672 3586 765.03 26833.36 1.20 2603 50
1 2672 3585 811.62 27435.36 1.20 1574 50
1 5009 3584 984.53 50436.08 1.20 6628 50
1 2672 3586 813.33 26833.36 1.20 2637 50
1 2672 3585 789.98 26232.16 1.20 1453 50
1 5021 3584 983.41 50675.52 1.20 6665 50
1 2672 3586 787.31 26833.36 1.20 2601 50
1 2672 3585 962.94 26832.16 1.20 1447 50
1 5021 3584 1005.83 50194.48 48.16 6640 72
1 2672 3586 790.93 26833.36 1.20 2600 50
1 2672 3585 792.85 27434.96 1.20 1586 50
1 5033 3584 996.02 50555.60 1.20 6644 50
1 2672 3586 788.71 26833.76 1.20 2641 50
1 2672 3585 752.97 26834.16 1.20 1565 50
1 5021 3584 952.97 50432.48 1.20 6400 50
1 2672 3586 808.43 26833.60 48.16 2606 72
1 2672 3585 722.33 26834.56 1.20 1555 50
1 5021 3584 947.15 50672.72 1.20 6042 50
1 2672 3586 777.93 26713.04 1.20 2627 50
1 2672 3585 754.70 26833.76 1.20 1554 50
1 5021 3584 903.34 50189.84 1.20 5707 50
1 2672 3586 799.97 26833.36 1.20 2601 55
1 5021 3584 933.57 50429.68 1.20 5407 50
1 4314 3585 743.69 43319.04 48.16 2515 77
1 2672 3586 783.70 26833.36 1.20 2599 50
1 5021 3585 775.31 50416.88 1.20 2902 50
1 5021 3584 899.82 49826.48 1.20 5073 50
1 2672 3586 778.74 26833.36 1.20 2602 50
1 5021 3585 769.71 50296.96 1.20 2868 50
1 5033 3584 931.99 51150.40 1.20 5196 50
1 2660 3586 762.31 26833.36 1.20 2600 50
1 5009 3585 740.09 49213.68 1.20 2660 50
1 5021 3584 877.94 50427.68 1.20 5170 50
1 2672 3586 775.55 26833.76 1.20 2599 50
1 5021 3585 883.58 51618.88 1.20 2760 50
1 5009 3584 918.47 50306.96 1.20 5109 50
1 2672 3586 765.99 26833.36 1.20 2603 50
1 5033 3585 882.20 50536.40 1.20 2742 50
1 5021 3584 900.91 50427.52 48.16 5121 72
1 2672 3586 757.85 26833.36 1.20 2600 50
1 5021 3585 764.55 50418.08 1.20 2902 50
1 5021 3584 887.79 50667.12 1.20 5148 50
1 2672 3586 770.67 26833.76 1.20 2600 50
1 5021 3585 766.84 50418.48 1.20 2910 50
1 5021 3584 876.15 50185.84 1.20 5096 50
1 2672 3586 812.04 26833.60 48.16 2623 72
1 5021 3585 751.25 50417.68 1.20 2899 50
1 5021 3584 949.22 50548.40 1.20 5128 45
1 2672 3586 740.75 26833.36 1.20 2603 50
1 5021 3585 769.94 49093.76 1.20 2675 50
1 5033 3584 928.40 50427.68 1.20 5118 50
1 2672 3586 762.96 26713.04 1.20 2589 55
1 5021 3584 929.78 50669.52 1.20 5148 45
1 5033 3585 900.96 50415.92 7.28 2656 94
1 2672 3586 768.80 26833.36 1.20 2599 50
1 5021 3585 841.51 51742.48 82.24 2735 85
1 5021 3584 883.79 50187.44 1.20 5096 50
1 2672 3586 779.78 26833.36 1.20 2601 50
1 5021 3585 782.35 50536.80 1.20 2688 50
1 5021 3584 937.07 50428.08 1.20 5119 50
1 2672 3586 775.75 26833.36 1.20 2604 50
1 5021 3585 776.51 50295.76 1.20 2623 50
1 5021 3584 899.09 50426.88 1.20 5120 45
1 2660 3586 775.57 26833.36 1.20 2601 50
1 5021 3585 768.19 49214.08 1.20 2458 50
1 5021 3584 926.08 50667.92 1.20 5149 45
1 2672 3586 751.01 26833.76 1.20 2596 50
1 5021 3585 860.18 50415.68 1.20 2481 50
1 5033 3584 888.07 50186.08 48.16 5097 67
1 2672 3586 748.52 26833.36 1.20 2600 50
1 5009 3585 858.41 51618.88 1.20 2576 50
1 5009 3584 903.69 50426.48 1.20 5121 50
1 2672 3586 773.15 26833.36 1.20 2602 50
1 5033 3585 797.99 50417.68 1.20 2596 50
1 5021 3584 932.91 50426.88 1.20 5117 45
1 2672 3586 770.13 26833.60 48.16 2604 72
1 5021 3584 928.53 50668.72 1.20 5148 45
1 5021 3585 842.77 50536.40 1.44 2556 55
1 2672 3586 769.40 26833.36 1.20 2618 50
1 5021 3585 794.26 50418.08 1.20 2648 50
1 5021 3584 891.48 50186.24 1.20 5098 45
1 2672 3586 766.32 26833.36 1.20 2598 55
1 5021 3585 781.12 50416.88 11.60 2671 25
1 5021 3584 985.10 50549.20 1.20 5168 50
1 2672 3586 778.59 26713.04 1.20 2592 50
1 5033 3584 910.12 50426.88 1.20 5123 50
1 5021 3585 777.32 50417.52 37.20 2628 55
1 2672 3586 769.73 26833.36 1.20 2600 50
1 5021 3585 769.59 50418.88 1.20 2504 50
1 5021 3584 885.48 50667.52 1.20 5148 45
1 2672 3586 761.13 26833.36 1.20 2599 50
1 5033 3585 817.93 49213.68 1.20 2415 50
1 5021 3584 895.60 50187.44 1.20 5094 50
1 2672 3586 783.13 26833.36 1.20 2602 50
1 5021 3585 855.07 50414.48 1.20 2506 50
1 5021 3584 948.24 50428.08 1.20 5119 45
1 2660 3586 765.15 26833.36 1.20 2602 50
1 5009 3585 852.19 50416.08 1.20 2467 50
1 5021 3584 884.97 50426.48 1.20 5121 50
1 2672 3586 760.06 26833.36 1.20 2600 50
1 5021 3585 865.42 50416.88 1.20 2471 50
1 5021 3584 882.19 50547.44 48.16 5138 62
1 2672 3586 757.13 26833.36 1.20 2599 50
1 5021 3585 861.04 51257.92 1.20 2664 50
1 5033 3584 874.75 50306.56 1.20 5110 50
1 2672 3586 756.55 26833.60 48.16 2603 72
1 5021 3585 766.71 50778.64 1.20 2646 50
1 5009 3584 878.95 50426.88 1.20 5120 50
1 2672 3586 755.34 26833.36 1.20 2603 50
1 5033 3585 778.79 49094.96 1.20 2441 50
1 5021 3584 935.20 50427.68 1.20 5118 45
1 2672 3586 757.84 26833.36 1.20 2599 50
1 5021 3584 1006.94 50669.12 1.20 5144 45
1 5021 3585 882.99 51858.72 4.56 2554 94
1 2672 3586 763.64 26833.36 1.20 2601 55
1 5021 3585 837.56 50417.60 84.32 2466 85
1 5021 3584 914.10 50185.84 1.20 5098 45
1 2673 3586 811.62 26843.28 11.60 2603 50
1 5021 3585 801.73 49092.16 1.20 2421 50
1 5021 3584 912.27 49946.00 1.20 5071 50
1 2672 3586 759.86 26713.04 1.20 2592 50
1 5021 3585 879.06 51739.60 1.20 2593 50
1 5033 3584 931.23 51028.88 1.20 5180 45
1 2672 3586 752.73 26833.36 1.20 2599 50
1 5021 3585 773.33 50296.16 1.20 2644 55
1 5021 3584 868.22 50668.32 1.20 5151 45
1 2672 3586 791.66 26833.36 1.20 2601 50
1 5021 3585 786.40 50416.48 1.44 2650 55
1 5021 3584 884.98 50186.24 1.20 5096 45
1 2672 3586 793.13 26833.36 1.20 2602 50
1 5021 3585 766.31 50538.80 1.20 2652 50
1 5021 3584 925.69 50316.08 48.16 5107 72
1 3007 3586 807.85 30203.52 1.20 2913 50
1 5021 3585 772.59 49215.28 1.20 2448 55
1 5021 3584 927.49 50418.80 1.20 5121 50
1 5021 3586 806.67 50423.92 48.16 4797 72
1 5021 3585 916.95 51618.88 1.20 2530 50
1 5021 3584 876.29 50667.52 1.20 5148 50
1 5021 3586 794.72 50544.00 1.20 4807 50
1 5021 3585 845.59 49213.28 1.20 2424 50
1 5033 3584 874.45 50306.96 1.20 5111 50
1 5021 3586 799.39 50422.88 1.20 4794 50
1 5009 3584 881.68 50427.28 1.20 5121 50
1 5021 3585 862.33 51619.28 3.92 2596 84
1 5021 3586 857.86 50422.88 1.20 4797 55
1 5021 3585 803.74 49214.80 85.60 2543 84
1 5021 3584 874.45 50426.88 1.20 5125 50
1 5021 3586 796.70 50422.88 1.20 4795 50
1 5033 3585 867.47 50416.48 1.20 2467 50
1 5021 3584 883.60 50667.92 1.20 5152 50
1 5033 3586 789.58 50423.68 1.20 4793 50
1 5021 3585 865.21 51740.00 1.20 2661 50
1 5021 3584 914.70 50186.24 1.20 5096 50
1 5021 3586 794.19 50302.56 1.20 4783 50
1 5021 3585 756.31 50418.48 1.20 2670 50
1 5021 3584 869.74 50186.64 1.20 5097 50
1 5021 3586 782.87 50542.40 1.20 4807 50
1 5021 3585 777.95 50416.48 1.20 2628 50
1 5033 3584 877.53 50667.92 1.20 5147 50
1 5021 3586 799.93 50423.28 1.20 4795 50
1 5021 3585 765.46 49092.56 1.20 2443 50
1 5021 3584 877.61 50667.36 48.16 5154 72
1 5021 3586 835.84 49742.16 1.20 4731 50
1 5021 3585 872.31 50416.48 1.20 2510 50
1 5021 3584 903.79 50307.36 1.20 5110 50
1 5009 3586 793.29 51103.84 94.72 4859 103
1 5021 3585 843.18 50535.20 1.20 2512 50
1 5021 3584 919.04 50306.16 1.20 5113 45
1 5033 3586 774.31 50422.08 1.20 4799 50
1 5021 3585 864.21 51620.08 1.20 2588 50
1 5021 3584 878.57 50426.88 1.20 5126 50
1 5021 3586 795.89 50422.08 1.20 4851 50
1 5009 3584 888.18 50667.52 1.20 5152 45
1 5021 3585 783.17 50417.92 48.40 2650 77
1 5021 3586 793.56 50543.60 1.20 4811 55
1 5021 3585 769.89 50417.28 1.20 2627 55
1 5021 3584 872.23 49944.00 1.20 5074 50
1 5021 3586 787.44 50423.28 1.20 4796 50
1 5021 3585 776.75 50417.28 1.20 2563 50
1 5033 3584 932.29 50788.24 1.20 5158 50
1 5021 3586 819.51 50422.08 1.20 4800 50
1 5021 3585 816.81 49333.60 1.20 2422 50
1 5021 3584 881.11 50426.48 1.20 5124 50
1 5021 3586 773.11 50422.08 1.20 4796 50
1 5033 3585 860.15 51500.16 1.20 2525 50
1 5021 3584 873.92 50667.12 1.20 5157 50
1 5033 3586 790.04 50302.96 1.20 4786 50
1 5021 3585 863.21 49212.48 1.20 2426 50
1 5021 3584 860.57 50187.04 1.20 5097 50
1 5021 3586 815.98 50422.88 1.20 4797 50
1 5021 3585 825.08 51619.68 1.44 2716 50
1 5021 3584 898.78 50426.32 48.16 5124 72
1 5021 3586 778.64 50422.08 1.20 4796 50
1 5021 3585 768.39 50420.80 1.20 2628 45
1 5021 3584 864.08 50427.28 1.20 5124 45
1 5021 3586 790.31 50543.04 48.16 4808 72
1 5021 3585 779.90 49210.56 1.20 2446 45
1 5033 3584 880.91 50548.00 1.20 5138 50
1 5009 3586 783.22 50422.08 1.20 4794 50
1 5021 3585 868.49 51619.68 1.20 2536 45
1 5021 3584 906.85 50306.96 1.20 5157 50
1 5021 3586 815.70 50422.88 1.20 4796 50
1 5021 3584 932.35 50426.88 1.20 5122 50
1 5021 3585 858.24 50416.48 3.92 2519 84
1 5021 3586 808.04 50422.88 1.20 4800 55
1 5021 3585 781.35 50539.12 85.60 2655 85
1 5009 3584 883.56 50426.48 1.20 5125 50
1 5033 3586 787.82 50422.08 1.20 4794 50
1 5021 3584 858.05 50667.52 1.20 5153 50
1 5021 3585 766.79 50417.28 1.44 2648 60
1 5021 3586 792.14 50422.48 1.20 4795 50
1 5021 3585 779.91 50416.88 1.20 2629 45
1 5021 3584 917.97 50187.04 1.20 5100 50
1 5021 3586 780.34 50543.60 1.20 4812 50
1 5021 3585 791.91 50416.48 1.20 2526 40
1 6375 3584 1004.08 63912.32 1.20 6464 50
1 5021 3586 771.14 50423.28 1.20 4800 50
1 5021 3585 858.28 50416.48 1.20 2525 45
1 7370 3584 1072.84 74024.40 1.20 7479 50
1 5021 3586 790.02 50302.56 1.20 4778 50
1 5033 3585 772.54 50416.48 1.20 2649 50
1 7370 3584 1277.98 74389.20 48.16 7515 72
1 5021 3586 825.94 49862.88 1.20 4735 50
1 5021 3585 782.78 50538.00 1.20 2631 50
1 7370 3584 1287.40 73665.84 1.20 7434 50
1 5033 3586 821.74 50983.92 48.16 4853 77
1 5021 3585 767.60 49093.36 1.20 2475 50
1 7382 3584 1084.21 74025.20 1.20 7476 50
1 5021 3586 766.28 50422.48 1.20 4799 50
1 5021 3585 860.61 50417.68 1.20 2478 50
1 7370 3584 1071.46 74145.52 1.20 7490 45
1 5021 3586 897.78 50542.80 1.20 4803 50
1 7382 3584 1126.52 74266.24 1.20 7513 50
1 5021 3585 852.47 51620.72 7.28 2626 94
1 5009 3586 815.47 50422.08 1.20 4793 55
1 5021 3585 770.00 50419.12 42.88 2648 65
1 7370 3584 1072.44 73783.76 1.20 7456 50
1 5021 3586 786.16 50423.68 1.20 4793 50
1 7370 3584 4362.57 60440.64 1.20 6104 50
1 5021 3585 771.69 50418.08 1.20 2646 40
1 5021 3586 830.64 50423.68 1.20 4834 50
1 5021 3585 803.44 50536.80 1.20 2512 45
1 7358 3584 40361.99 43239.36 1.20 4356 50
1 5033 3586 828.08 50424.08 1.20 4793 50
1 5021 3585 806.85 49213.68 1.20 2426 45
1 7382 3584 82561.56 42851.20 1.20 4320 50
1 5021 3586 932.30 50425.68 1.20 4789 50
1 5021 3585 827.21 51619.68 1.20 2522 45
1 7370 3584 124302.93 42524.40 1.20 4284 50
1 5021 3586 865.95 50544.40 1.20 4801 50
1 5021 3585 848.38 50416.48 1.20 2482 40
1 7382 3584 166903.49 43239.36 47.92 4356 67
1 5021 3586 856.19 50303.36 1.20 4781 50
1 5021 3585 795.60 50416.08 1.20 2519 45
1 7370 3584 208444.30 43239.52 1.20 4356 50
1 5021 3586 827.16 50424.72 94.72 4794 103
1 5021 3585 778.00 50417.68 1.20 2627 45
1 7370 3584 250096.31 42851.20 1.20 4320 50
1 5021 3586 844.98 50424.48 1.20 4791 50
1 5033 3585 799.67 50297.76 1.20 2496 45
1 7370 3584 291854.95 44433.28 1.20 4356 50
1 5033 3586 884.20 50424.08 1.20 4795 50
1 7382 3584 330857.64 45643.28 1.20 4356 50
1 5021 3585 804.92 50657.36 48.16 2529 67
1 5021 3586 838.41 50424.08 1.20 4790 50
1 5021 3585 848.51 49092.56 1.20 2418 50
1 7370 3584 369026.22 45702.72 1.20 4356 50
1 5009 3586 900.70 50544.80 1.20 4802 55
1 5009 3585 850.97 50418.08 1.20 2472 55
1 7382 3584 406530.40 55834.96 1.20 5267 50
1 5021 3586 808.85 50423.28 1.20 4793 50
1 5021 3585 895.80 50416.48 1.20 2462 50
1 7370 3584 408500.39 81435.28 1.20 7620 50
1 5021 3586 906.21 50422.88 1.20 4829 50
1 5021 3585 833.52 51620.48 1.20 2721 50
1 7358 3584 396645.12 82411.52 1.20 7663 50
1 5021 3586 789.17 50423.28 1.20 4800 50
1 7370 3584 385345.47 83587.92 1.20 7772 50
1 5033 3585 804.08 50416.88 1.20 2668 50
1 5033 3586 794.81 50423.68 1.20 4797 50
1 5021 3585 809.15 50536.80 1.20 2655 50
1 7370 3584 373978.76 80673.76 4.16 7501 77
1 5021 3586 793.37 50423.28 1.20 4795 50
1 5021 3585 768.73 50416.08 1.20 2630 50
1 7382 3584 364100.70 82611.04 45.20 7729 45
1 5021 3586 802.85 50422.72 94.72 4791 103
1 5021 3585 759.30 49094.56 1.20 2473 50
1 7370 3584 352268.50 83469.84 1.20 7805 50
1 5021 3586 793.12 50422.48 1.20 4798 50
1 5021 3585 835.71 50416.88 1.20 2470 50
1 7382 3584 339713.37 82411.52 1.20 7663 50
1 5021 3586 796.27 50422.88 1.20 4797 50
1 7370 3584 328392.03 84246.80 1.20 7881 50
1 5021 3585 878.42 51740.40 4.56 2624 94
1 5021 3586 811.29 50423.28 1.20 4794 50
1 5033 3585 787.74 50422.08 84.32 2628 85
1 7370 3584 315484.94 82191.44 1.20 7686 50
1 5033 3586 811.83 50422.88 1.20 4793 55
1 5021 3585 795.73 50414.56 1.20 2536 50
1 7370 3584 302775.51 83929.44 1.20 7848 50
1 5009 3586 776.67 50422.48 1.20 4798 50
1 5021 3585 854.86 50416.48 1.20 2533 50
1 7382 3584 291742.76 81133.84 1.20 7544 50
1 5021 3586 798.91 50423.68 1.20 4799 50
1 5009 3585 773.86 50418.48 1.20 2637 50
1 7370 3584 280039.69 83889.04 1.20 7848 50
1 5021 3586 795.89 50544.40 1.20 4806 50
1 5021 3585 788.80 50417.68 1.20 2503 50
1 7370 3584 265661.56 84763.20 1.20 7881 50
1 5021 3586 797.00 50422.88 1.20 4794 50
1 5021 3585 853.50 50416.88 1.20 2534 50
1 7370 3584 251347.31 84747.52 1.20 7924 50
1 5021 3586 796.26 50422.48 1.20 4802 50
1 5033 3585 783.96 50417.68 1.20 2669 50
1 7370 3584 237384.21 83945.36 48.16 7805 72
1 5021 3586 789.04 50424.32 94.72 4798 103
1 5021 3585 807.30 50536.40 1.20 2664 50
1 7370 3584 225075.25 83010.08 1.20 7762 50
1 5033 3586 780.90 50422.88 1.20 4799 50
1 5021 3585 804.04 50416.08 1.20 2629 50
1 7382 3584 210335.73 87160.16 1.20 8152 50
1 5021 3586 799.07 50302.56 1.20 4783 50
1 6003 3585 782.22 58360.00 4.56 2935 89
1 7370 3584 195561.37 79738.40 1.20 7458 50
1 5021 3586 790.18 50543.20 1.20 4805 50
1 7370 3585 911.95 75845.28 84.32 3666 90
1 7382 3584 191561.39 75290.48 1.20 7045 50
1 5021 3586 820.42 50423.28 1.20 4793 55
1 7370 3584 184271.04 85536.72 1.20 8347 50
1 7370 3585 881.85 73882.56 1.20 3706 45
1 5021 3586 800.45 50423.28 1.20 4797 50
1 7382 3585 796.91 74092.24 1.20 3832 50
1 7370 3584 170635.57 83897.68 1.20 8423 50
1 5021 3586 801.50 50422.88 1.20 4795 50
1 7370 3585 783.62 74079.60 1.20 3844 50
1 7370 3584 157301.83 83015.92 1.20 8347 50
1 5021 3586 789.10 50422.88 1.20 4796 50
1 7358 3585 793.80 72366.64 1.20 3603 50
1 7382 3584 144369.58 83771.68 1.20 8423 50
1 5021 3586 791.70 50422.88 1.20 4854 50
1 7382 3585 923.28 75688.88 1.20 3670 50
1 7370 3584 131529.10 83730.56 1.20 8423 50
1 5021 3586 830.67 50542.80 1.20 4808 50
1 7370 3585 849.86 74123.92 1.44 3590 55
1 7370 3584 117773.19 85283.92 48.16 8575 72
1 5021 3586 828.70 50423.52 48.16 4793 77
1 7370 3585 803.47 73918.96 0.96 3845 45
1 7370 3584 102583.64 85283.84 1.20 8575 50
1 5021 3586 783.73 50422.48 1.20 4799 50
1 7382 3585 777.02 74046.72 1.20 3804 50
1 7370 3584 87494.03 85284.00 1.20 8575 50
1 5021 3586 783.59 50422.88 1.20 4795 50
1 7370 3584 71590.33 85999.60 1.20 8651 50
1 7370 3585 786.84 74085.76 7.28 3677 89
1 5033 3586 808.51 50303.76 1.20 4783 50
1 7370 3585 883.14 72166.24 42.88 3496 65
1 7382 3584 57934.54 84098.32 1.84 8456 50
1 5021 3586 780.41 50422.88 1.20 4799 55
1 7382 3585 858.98 75964.32 1.20 3737 50
1 7370 3584 45142.76 83015.20 1.20 8347 50
1 5021 3586 781.03 50542.40 1.20 4804 50
1 7370 3585 866.80 73882.96 1.20 3655 50
1 7382 3584 33352.63 83015.20 1.20 8347 50
1 5021 3586 803.11 50422.48 1.20 4795 50
1 7370 3585 781.99 74004.80 1.20 3828 50
1 7370 3584 18411.49 86755.60 1.20 8727 50
1 5021 3586 781.83 50422.48 1.20 4792 50
1 7370 3585 787.62 74046.32 1.20 3806 50
1 7370 3584 3727.92 80402.16 1.20 8104 50
1 5009 3586 786.99 50422.88 1.20 4795 50
1 7370 3585 800.06 72368.64 1.20 3626 50
1 7370 3584 1086.69 74023.60 1.20 7481 50
1 5033 3586 790.47 50422.48 1.20 4799 50
1 7370 3585 911.28 74004.40 1.20 3588 50
1 7382 3584 1070.84 74023.44 48.16 7479 72
1 5021 3586 835.29 50422.72 48.16 4791 77
1 7370 3585 917.51 75810.00 1.20 3776 50
1 7358 3584 1111.57 74384.96 1.20 7522 50
1 5021 3586 865.54 50543.60 1.20 4810 50
1 7382 3585 800.01 74006.40 1.20 3832 55
1 7382 3584 1126.54 73784.16 1.20 7456 50
1 5021 3586 789.40 50422.88 1.20 4797 50
1 7370 3584 1078.90 74143.92 1.20 7491 50
1 7370 3585 762.18 74080.00 4.56 3833 89
1 5021 3586 803.02 50422.48 1.20 4860 50
1 7370 3585 764.93 72368.32 45.60 3608 65
1 7370 3584 1140.44 74024.80 1.20 7475 50
1 5021 3586 785.06 50302.56 1.20 4777 55
1 7382 3585 882.95 73883.28 1.20 3585 50
1 7370 3584 1076.76 74385.76 1.20 7512 50
1 5033 3586 812.50 50423.28 1.20 4793 50
1 7370 3585 949.41 74003.60 1.20 3572 50
1 7370 3584 1067.05 73663.04 1.20 7439 50
1 5021 3586 820.13 50422.08 1.20 4794 50
1 7370 3585 811.70 75810.80 1.20 3927 55
1 7382 3584 1056.38 74142.72 1.20 7500 50
1 5021 3586 785.14 50422.88 1.20 4797 50
1 7382 3585 778.97 74004.80 1.20 3828 50
1 7370 3584 1132.28 73794.56 1.20 7461 50
1 5021 3586 794.05 50542.80 1.20 4807 50
1 7370 3585 779.08 74040.48 1.20 3821 50
1 7382 3584 1075.87 74493.68 1.20 7534 50
1 5009 3586 777.15 50421.28 1.20 4792 50
1 7370 3585 791.86 74045.12 1.20 3807 50
1 7370 3584 1058.35 73782.80 48.16 7458 72
1 5021 3586 780.50 50422.72 94.72 4797 103
1 7370 3585 814.01 72369.44 1.20 3627 50
1 7370 3584 1069.37 74024.40 1.20 7477 50
1 5033 3586 815.54 50422.48 1.20 4794 50
1 7370 3585 932.35 74004.00 1.20 3573 50
1 7358 3584 1087.70 74024.40 1.20 7477 50
1 5021 3586 787.82 50422.08 1.20 4834 50
1 7382 3584 1047.15 74384.56 1.20 7524 50
1 7370 3585 859.85 75811.04 7.92 3778 94
1 5021 3586 800.73 50423.28 1.20 4796 50
1 7382 3585 789.39 74008.88 80.96 3799 80
1 7382 3584 1052.35 73782.16 1.20 7457 50
1 5021 3586 810.89 50543.60 1.20 4809 50
1 7370 3585 778.52 74126.32 1.20 3696 55
1 7370 3584 1078.76 74144.32 1.20 7497 50
1 5021 3586 798.15 50302.16 1.20 4825 55
1 7370 3585 916.98 74004.00 1.20 3581 50
1 7370 3584 1058.06 74023.20 1.20 7479 50
1 5021 3586 776.72 50422.48 1.20 4791 50
1 7382 3585 836.43 73919.76 1.44 3687 55
1 7370 3584 1054.83 74384.96 1.20 7519 50
1 5021 3586 818.06 50421.68 1.20 4792 50
1 7370 3585 793.70 74004.40 1.20 3829 50
1 7370 3584 1060.87 73661.44 1.20 7450 50
1 5033 3586 790.07 50422.88 1.20 4795 50
1 7370 3585 764.34 74092.64 0.96 3849 45
1 7382 3584 1157.06 73904.48 1.20 7468 50
1 5021 3586 781.65 50543.60 1.20 4811 50
1 7382 3585 814.22 74005.20 1.20 3665 50
1 7370 3584 1135.52 74154.64 48.16 7488 72
1 7334 3586 916.98 73649.68 48.16 6998 77
1 7370 3585 926.25 74122.72 1.20 3596 50
1 7382 3584 1125.41 74376.48 1.20 7314 50
1 7358 3586 928.04 74009.60 1.20 7036 50
1 7358 3585 828.22 73919.36 1.44 3758 55
1 7370 3584 1112.15 73783.76 1.20 7243 50
1 7382 3586 888.57 74010.40 1.20 7038 50
1 7370 3584 1131.51 74024.40 1.20 7267 50
1 7382 3585 782.14 74092.24 11.20 3875 30
1 7370 3586 863.21 74010.80 1.20 7042 50
1 7370 3585 793.80 74038.72 37.60 3828 50
1 7358 3584 1185.98 74024.40 1.20 7262 50
1 7382 3586 896.95 74011.60 1.20 7038 50
1 7382 3584 1118.49 74384.96 1.20 7305 50
1 7370 3585 793.92 74004.80 1.20 3827 50
1 7370 3586 891.21 74130.72 1.20 7043 55
1 7382 3585 793.52 73925.20 1.44 3812 55
1 7370 3584 1091.07 73782.56 1.20 7244 50
1 7370 3586 899.14 74131.12 1.20 7048 50
1 7370 3585 793.90 72366.64 0.96 3620 45
1 7382 3584 1049.95 74023.20 1.20 7272 50
1 7370 3586 964.74 73890.48 1.20 7077 50
1 7370 3585 918.71 75722.16 1.44 3743 55
1 7370 3584 1048.57 74143.52 1.20 7280 50
1 7382 3586 1067.36 74132.72 1.20 7036 50
1 7382 3585 790.53 74124.32 0.96 3836 45
1 7370 3584 1116.73 74265.04 1.20 7293 50
1 7370 3586 886.40 73890.48 1.20 7024 50
1 7370 3585 786.32 74044.32 1.20 3807 50
1 7370 3584 1232.71 73785.20 48.16 7241 72
1 7382 3586 885.42 74011.04 48.16 7038 72
1 7370 3585 754.13 72246.72 1.20 3625 50
1 7382 3584 1049.42 73903.28 1.20 7256 50
1 7370 3586 910.80 74251.44 1.20 7066 50
1 7382 3585 925.66 75844.48 1.20 3676 50
1 7370 3584 1051.46 74145.12 1.20 7276 50
1 7358 3586 886.60 74010.40 1.20 7038 50
1 7358 3585 896.79 73970.72 4.16 3704 94
1 7382 3584 1041.50 74264.24 1.20 7296 50
1 7370 3586 911.01 74009.60 1.20 7038 50
1 7370 3585 792.82 74040.56 46.24 3828 70
1 7370 3584 1165.55 73904.48 1.20 7254 50
1 7370 3586 876.06 74010.00 1.20 7039 50
1 7382 3585 780.52 74093.44 0.96 3833 45
1 7358 3584 1058.41 74023.60 1.20 7270 50
1 7382 3586 880.26 74010.80 1.20 7038 55
1 7370 3585 782.73 72320.72 1.20 3589 50
1 7370 3584 1535.74 68349.04 1.20 6712 50
1 7382 3586 889.18 74010.80 1.20 7034 50
1 7370 3585 857.88 75724.08 1.20 3663 50
1 7382 3584 28753.00 44832.56 1.20 4392 50
1 7370 3586 892.25 74250.64 1.20 7053 50
1 7382 3585 819.25 74089.12 1.20 3572 50
1 7370 3584 68548.31 44495.52 1.20 4356 50
1 7370 3586 980.93 74010.40 1.20 7030 50
1 7370 3585 848.40 73916.56 1.20 3632 50
1 7382 3584 108332.57 44495.60 1.20 4356 50
1 7370 3586 1810.10 74014.40 1.20 7024 50
1 7370 3585 807.43 74007.20 1.20 3819 50
1 7370 3584 147394.20 45642.64 48.16 4356 77
1 7370 3586 883.80 74011.04 48.16 7037 77
1 7370 3585 778.44 74167.04 1.20 3809 50
1 7370 3584 185476.97 45325.04 1.20 4320 50
1 7382 3586 902.58 73890.08 1.20 7030 50
1 7382 3585 826.13 73966.88 1.20 3661 50
1 7370 3584 224611.26 45846.16 1.20 4392 50
1 7382 3586 884.00 74131.12 1.20 7049 50
1 7370 3584 262854.52 45702.96 1.20 4356 50
1 7370 3585 853.89 74090.08 7.28 3634 84
1 7358 3586 998.03 74019.68 1.20 7089 50
1 7358 3585 868.41 74006.08 82.24 3642 85
1 7382 3584 301521.82 44947.36 1.20 4284 50
1 7370 3586 935.15 74122.24 1.20 7046 50
1 7382 3585 794.76 74037.68 1.20 3832 50
1 7370 3584 340360.40 46050.48 1.20 4392 50
1 7370 3586 885.68 74010.00 1.20 7038 55
1 7370 3585 790.36 74007.60 1.20 3818 50
1 7370 3584 378524.05 45702.72 1.20 4356 50
1 7370 3586 890.78 74010.80 1.20 7031 50
1 7370 3585 773.15 74092.64 1.20 3837 50
1 8568 3584 416905.95 45325.20 1.20 4320 50
1 7382 3586 916.76 74010.40 1.20 7034 50
1 7382 3585 793.97 74004.40 1.20 3666 50
1 9731 3584 455366.56 45703.20 1.20 4356 50
1 7382 3586 888.54 74010.40 1.20 7036 50
1 7370 3585 899.36 73318.48 1.20 3565 50
1 9719 3584 493686.46 46050.16 1.20 4392 50
1 7370 3586 1048.41 74133.52 1.20 7038 50
1 7370 3585 819.25 74603.68 1.20 3763 50
1 9731 3584 531900.97 45702.96 48.16 4356 72
1 7370 3586 892.28 74130.96 48.16 7045 77
1 7382 3585 777.08 74126.32 1.20 3852 50
1 9719 3584 570066.30 45703.20 1.20 4356 50
1 7370 3586 877.73 74011.20 1.20 7037 50
1 7370 3585 786.70 74046.32 1.20 3804 50
1 9731 3584 608237.87 45703.20 1.20 4356 50
1 7370 3586 902.93 73890.48 1.20 7028 50
1 9719 3584 646905.57 45672.40 1.20 4356 50
1 7370 3585 780.15 72246.16 7.92 3585 94
1 7382 3586 954.01 74010.80 1.20 7035 50
1 7382 3585 895.87 74127.20 80.96 3600 80
1 9731 3584 689624.28 45702.80 1.20 4356 50
1 7370 3586 1075.45 74132.32 1.20 7034 50
1 7370 3585 807.88 75723.36 1.20 3905 50
1 9719 3584 742333.13 45703.28 1.20 4356 50
1 7370 3586 892.47 74009.60 1.20 7038 55
1 7358 3585 803.70 74005.20 1.20 3826 50
1 9731 3584 795856.43 45324.72 1.20 4320 50
1 7370 3586 888.66 74130.32 1.20 7044 50
1 7382 3585 795.74 74044.72 1.20 3809 50
1 9707 3584 835739.34 77906.56 1.20 7262 50
1 7370 3586 885.77 74010.40 1.20 7039 50
1 7370 3585 848.59 74173.04 1.44 3668 65
1 9731 3584 848011.47 85764.96 1.20 8066 50
1 7370 3586 973.53 74010.40 1.20 7029 50
1 7370 3585 1075.07 73917.76 0.96 3623 45
1 9719 3584 862205.32 82651.76 1.20 7729 50
1 7382 3586 1018.05 74012.00 1.20 7063 50
1 7382 3585 801.74 73884.88 1.20 3818 50
1 9731 3584 876423.28 86383.44 1.20 8076 50
1 7370 3586 893.80 74011.84 48.16 7037 72
1 7370 3585 790.58 74125.52 1.20 3853 50
1 9719 3584 887617.62 85463.28 48.16 7990 72
1 7382 3586 893.00 74131.52 1.20 7045 50
1 7370 3585 815.61 74125.92 1.44 3848 55
1 9731 3584 901014.05 85764.72 1.20 8066 50
1 7370 3586 895.26 74131.92 1.20 7042 50
1 9719 3584 912144.82 87099.44 1.20 8142 50
1 7382 3585 827.09 74007.04 7.04 3861 79
1 7370 3586 905.68 73890.08 1.20 7031 50
1 7370 3585 812.75 74007.68 82.24 3850 85
1 9731 3584 923053.56 84645.68 1.20 7914 50
1 7370 3586 892.35 74011.60 1.20 7042 50
1 7370 3585 790.96 74005.60 1.20 3846 50
1 9719 3584 940116.70 79855.92 1.20 7425 50
1 7382 3586 919.70 74009.60 1.20 7037 50
1 7382 3585 835.42 74091.44 1.20 3855 50
1 9731 3584 936596.80 84246.48 1.20 7881 50
1 7358 3586 894.26 74010.40 1.20 7034 55
1 7358 3585 753.58 74036.48 1.20 3891 50
1 9719 3584 915366.31 87217.20 1.20 8109 50
1 7382 3586 903.51 74131.52 1.20 7051 50
1 7370 3585 847.13 72284.64 1.20 3725 50
1 9731 3584 912546.54 86858.96 1.20 8076 50
1 7370 3586 881.18 74130.32 1.20 7048 50
1 7382 3585 921.20 75806.40 1.20 3867 50
1 9707 3584 909900.71 86818.32 1.20 8076 50
1 7370 3586 895.45 74011.20 1.20 7037 50
1 7370 3585 816.22 72317.52 1.44 3738 50
1 9731 3584 909733.83 86041.20 1.20 8000 50
1 7370 3586 1042.10 71003.44 48.16 6741 77
1 9719 3584 908245.25 83229.84 1.20 7739 50
1 7370 3585 949.56 75806.80 0.96 3876 45
1 7370 3586 2073.46 77022.80 1.20 7302 50
1 9731 3584 908010.80 87318.88 1.20 8119 50
1 7370 3585 872.71 74003.60 1.20 3804 50
1 7382 3586 925.18 74010.80 1.20 7037 50
1 9719 3584 909659.50 89271.60 48.16 8304 72
1 7382 3585 923.40 74004.64 7.28 3766 89
1 7382 3586 1033.57 74131.92 1.20 7042 50
1 7370 3585 837.87 73884.08 47.60 3829 35
1 9731 3584 902809.75 88136.80 1.20 8195 50
1 7370 3586 936.49 74010.40 1.20 7040 50
1 7382 3585 839.64 74122.16 7.04 3892 106
1 9719 3584 897185.08 84047.44 1.20 7815 50
1 7370 3586 1002.33 74011.60 1.20 7036 50
1 7370 3585 806.16 74000.80 1.20 3843 50
1 9731 3584 896969.12 88954.48 1.20 8271 50
1 7370 3586 880.76 74010.40 1.20 7037 55
1 7370 3585 817.26 74002.40 1.20 3846 50
1 9719 3584 892282.06 88096.00 1.20 8195 50
1 7358 3586 881.09 74010.00 1.20 7037 50
1 7358 3585 835.54 74123.52 1.20 3826 50
1 9731 3584 895950.73 84865.28 1.20 7891 50
1 7382 3586 1046.22 74010.80 1.20 7031 50
1 7382 3585 857.84 74036.88 1.20 3849 50
1 9719 3584 896847.81 85682.72 1.20 7967 50
1 7382 3586 1027.72 74131.52 1.20 7042 50
1 7370 3585 905.91 72284.24 1.20 3742 50
1 9707 3584 895543.58 88136.88 1.20 8195 50
1 7370 3586 1061.12 74011.84 48.16 7030 72
1 7370 3585 834.88 75806.80 1.20 3925 55
1 9731 3584 892675.36 86459.92 1.20 8043 50
1 7370 3586 993.70 74131.12 1.20 7039 50
1 7382 3585 844.96 74002.00 1.20 3834 50
1 9719 3584 892576.79 89772.80 1.84 8347 50
1 7370 3586 967.36 74011.20 1.20 7036 50
1 9731 3584 894735.67 86500.72 1.20 8043 50
1 8448 3585 815.31 84589.04 3.92 4409 94
1 7370 3586 1037.10 74012.00 1.20 7098 50
1 9731 3585 816.30 95670.64 85.84 4911 85
1 9719 3584 894678.43 86501.20 1.20 8043 50
1 7382 3586 935.11 74011.20 1.20 7033 50
1 9731 3585 893.61 99512.72 0.96 5104 45
1 9731 3584 892962.83 89731.68 1.20 8347 50
1 7382 3586 876.76 74010.80 1.20 7034 50
1 9719 3585 859.53 97590.32 1.20 5007 50
1 9719 3584 890383.84 92225.20 48.16 8575 72
1 7370 3586 890.04 74011.60 1.20 7038 55
1 9719 3585 852.54 95788.24 1.20 4960 50
1 9731 3584 884710.46 90590.40 48.16 8423 72
1 7370 3586 880.47 74129.92 1.20 7051 50
1 9731 3585 853.99 99555.20 1.20 5077 50
1 9731 3584 877586.26 90590.40 1.20 8423 50
1 7358 3586 912.97 74010.80 1.20 7036 50
1 9719 3585 982.96 97109.84 1.20 4844 50
1 9719 3584 873295.37 90549.52 1.20 8423 50
1 7370 3586 952.04 72486.64 1.20 6892 50
1 9719 3585 939.69 98191.52 1.20 4882 50
1 9719 3584 871191.33 91408.48 1.20 8499 50
1 7382 3586 1056.76 74131.76 48.16 7040 72
1 9731 3585 999.72 97711.44 1.20 4917 50
1 9719 3584 866076.10 88954.48 1.20 8271 50
1 7370 3586 1079.87 75415.44 1.20 7160 50
1 9719 3585 1020.89 97445.12 1.20 4897 50
1 9719 3584 865997.64 86500.72 1.20 8043 50
1 7382 3586 1021.21 72728.08 1.20 6909 50
1 9731 3584 863873.58 90549.76 1.20 8423 50
1 9719 3585 968.76 95411.92 7.28 4904 89
1 7370 3586 1102.63 75536.16 1.20 7173 50
1 9731 3585 926.53 99793.20 42.88 5509 65
1 9719 3584 864060.10 88136.48 1.20 8195 50
1 7370 3586 889.66 74010.40 1.20 7033 50
1 9719 3585 812.39 97471.60 1.20 5615 50
1 9731 3584 865892.53 91408.24 1.20 8499 50
1 7370 3586 879.93 74010.40 1.20 7040 50
1 9719 3585 821.80 97832.96 1.20 5583 50
1 9719 3584 864233.06 91408.24 1.20 8499 50
1 7382 3586 877.86 74010.40 1.20 7035 55
1 9742 3585 838.45 97593.52 1.20 5566 50
1 9731 3584 865898.42 89731.44 1.20 8347 50
1 7370 3586 890.53 73890.08 1.20 7027 50
1 9719 3585 844.20 97591.52 1.20 5574 50
1 9719 3584 866451.38 88136.64 48.16 8195 72
1 7382 3586 883.07 74130.72 1.20 7046 50
1 9719 3585 832.49 97710.64 1.20 5630 50
1 9731 3584 862460.53 92226.08 1.20 8575 50
1 7370 3586 875.63 74129.92 1.20 7054 50
1 9707 3585 849.93 97591.52 1.20 5575 50
1 9719 3584 862514.61 93862.24 1.20 8727 50
1 7358 3586 895.95 74010.64 48.16 7033 72
1 9731 3585 850.86 97673.92 1.20 5517 50
1 9731 3584 855804.42 92185.44 1.20 8575 50
1 7370 3586 876.50 74009.60 1.20 7036 50
1 9731 3585 841.95 97731.68 1.20 5232 50
1 9719 3584 853162.78 92226.16 1.20 8575 50
1 7382 3586 913.34 74009.60 1.20 7040 50
1 9731 3584 847435.15 94680.16 1.20 8803 50
1 9731 3585 841.74 97811.84 3.92 5061 89
1 7370 3586 916.22 74010.40 1.20 7036 50
1 9719 3585 840.11 97635.92 85.60 4978 80
1 9707 3584 843360.54 94680.08 1.20 8803 50
1 7382 3586 972.53 72729.28 1.20 6914 50
1 9719 3585 967.14 94660.96 1.20 4680 50
1 9731 3584 836655.71 90089.84 1.20 8380 50
1 7370 3586 1087.53 75535.36 1.20 7158 50
1 9731 3585 1121.63 100477.20 1.20 5041 50
1 9719 3584 839373.25 93862.56 1.20 8727 50
1 7370 3586 890.92 74009.60 1.20 7035 55
1 9719 3585 901.94 97590.72 1.20 5061 50
1 9731 3584 836959.05 90488.08 1.20 8413 50
1 7370 3586 952.01 74011.60 1.20 7036 50
1 9719 3585 887.96 97508.40 1.20 4996 50
1 9719 3584 835445.61 88775.84 1.20 8388 50
1 7370 3586 885.76 73890.48 1.20 7025 50
1 9731 3585 879.07 97711.44 1.20 5014 50
1 9731 3584 842891.13 84657.04 1.20 7957 50
1 7382 3586 886.22 74011.20 1.20 7039 50
1 9731 3585 866.55 97593.52 1.20 5009 50
1 9719 3584 854769.46 84886.72 48.16 8036 72
1 7382 3586 883.75 74130.16 48.16 7047 72
1 9719 3585 844.81 97711.84 1.20 5067 50
1 9731 3584 854254.08 106003.44 1.20 10357 50
1 7370 3586 882.94 74010.80 1.20 7040 50
1 9731 3585 849.91 97592.72 1.20 5002 60
1 9719 3584 838494.72 108827.20 1.20 10645 50
1 7358 3586 887.90 74130.72 1.20 7046 50
1 9731 3584 823903.21 102924.96 1.20 10069 50
1 9707 3585 837.96 97591.76 7.92 5003 89
1 7370 3586 886.13 74010.00 1.20 7035 50
1 9719 3585 879.68 97834.64 80.96 5018 80
1 9707 3584 806325.63 108827.20 1.20 10645 50
1 7370 3586 892.87 74010.80 1.20 7030 50
1 9731 3585 852.61 97631.44 1.20 5023 50
1 9731 3584 789112.16 109808.80 1.20 10741 50
1 7382 3586 875.61 74010.80 1.20 7037 50
1 9731 3585 920.70 97591.92 1.20 4864 50
1 9719 3584 764918.52 109808.80 1.20 10741 50
1 7382 3586 877.51 74130.72 1.20 7053 50
1 9719 3585 932.83 97471.20 1.20 4856 50
1 9719 3584 737631.64 109795.20 1.20 10741 50
1 7370 3586 895.62 74010.40 1.20 7032 55
1 9731 3585 920.33 97711.84 1.20 4870 50
1 9731 3584 710667.93 109808.80 1.20 10741 50
1 7370 3586 888.71 74131.92 1.20 7044 50
1 9719 3585 910.24 97590.32 1.20 4881 50
1 9719 3584 696435.69 110616.64 1.20 10820 50
1 7430 3586 870.51 74492.48 1.20 7086 50
1 9719 3585 895.11 97670.32 1.20 4897 55
1 9731 3584 683599.55 109808.80 1.20 10741 50
1 9719 3586 1006.10 97603.36 94.72 9231 103
1 9731 3585 851.63 97591.52 1.20 5009 50
1 9719 3584 670992.43 109796.40 1.20 10741 50
1 9742 3586 994.19 97602.72 1.20 9230 50
1 9731 3585 855.92 97711.44 1.20 5017 50
1 9731 3584 660030.31 108827.20 1.20 10645 50
1 9719 3586 1000.50 97723.04 1.20 9238 50
1 9731 3584 648904.14 106863.76 48.16 10453 72
1 9707 3585 856.02 97590.96 48.40 5053 72
1 9719 3586 991.68 97722.64 1.20 9243 50
1 9719 3585 842.53 97712.64 1.20 5011 45
1 9719 3584 637930.28 109634.80 1.20 10724 50
1 9719 3586 1006.79 97604.16 1.20 9230 50
1 9731 3585 845.80 97633.04 1.20 4983 45
1 9707 3584 625396.76 110777.52 1.20 10837 50
1 9719 3586 1000.84 97603.12 1.20 9229 50
1 9719 3585 976.96 97591.52 1.20 4851 45
1 9731 3584 612578.23 109808.72 1.20 10741 50
1 9731 3586 1217.22 97604.32 1.20 9224 50
1 9731 3585 897.51 97478.88 1.20 4890 40
1 9719 3584 600023.88 109635.12 1.20 10724 50
1 9719 3586 979.37 97720.80 1.20 9242 55
1 9731 3585 852.33 97822.48 1.20 4868 45
1 9731 3584 590342.75 96878.08 1.20 9479 50
1 9742 3586 996.84 97602.72 1.20 9231 50
1 9719 3585 857.57 97671.44 1.20 4827 45
1 9719 3584 603183.76 81023.04 1.20 7937 50
1 9719 3586 1348.28 97845.36 1.20 9244 50
1 9719 3585 993.38 97591.12 1.20 4674 45
1 9731 3584 620889.60 79705.36 1.20 7805 50
1 9719 3586 1058.23 97604.56 94.72 9228 98
1 9731 3585 855.13 97589.60 1.20 5024 40
1 9719 3584 638910.14 80379.28 1.20 7871 50
1 9719 3586 1002.10 97602.32 1.20 9232 50
1 9719 3585 824.48 97591.12 1.20 5011 45
1 9731 3584 655585.29 82069.44 1.20 7805 50
1 9719 3586 1001.64 97603.12 1.20 9232 50
1 9719 3584 671418.18 82848.24 48.16 7871 72
1 9719 3585 830.20 97834.00 5.12 5027 94
1 9731 3586 1027.23 97602.32 1.20 9229 50
1 9719 3585 847.17 97634.48 45.04 4986 65
1 9731 3584 686649.29 82889.28 1.20 7871 50
1 9719 3586 1075.96 97603.52 1.20 9230 50
1 9731 3585 892.58 97672.64 1.20 4866 40
1 9719 3584 701645.97 82889.52 1.20 7871 50
1 9731 3586 1002.37 97721.84 1.20 9239 50
1 9719 3585 962.81 97588.80 1.20 4770 45
1 9719 3584 717208.98 82041.12 1.20 7828 50
1 9719 3586 1183.96 97726.48 1.20 9240 50
1 9731 3585 834.62 97632.64 1.20 4987 45
1 9719 3584 732536.45 83543.44 1.20 7937 50
1 9719 3586 1010.81 97602.32 1.20 9228 55
1 9719 3585 943.24 96589.36 1.20 4774 45
1 9731 3584 746801.17 85436.24 1.20 8084 50
1 9719 3586 1177.11 97300.88 1.20 9185 50
1 9719 3585 953.20 98554.16 1.20 5058 40
1 9719 3584 753648.22 92704.64 1.20 8770 50
1 9731 3586 1171.32 97607.92 1.20 9205 50
1 9731 3585 863.12 97711.84 1.20 5007 45
1 9731 3584 761148.83 88438.32 1.20 8369 50
1 9731 3586 1100.72 97848.40 48.16 9227 72
1 9731 3585 881.99 97592.32 1.20 5001 45
1 9719 3584 770083.56 90267.52 1.20 8482 50
1 9731 3586 1201.73 97729.04 1.20 9215 50
1 9719 3585 862.41 97592.32 1.20 5007 45
1 9731 3584 777574.58 91038.96 1.20 8674 50
1 9719 3586 1407.64 97611.52 1.20 9194 50
1 9719 3584 786501.23 87380.32 48.16 8211 72
1 9731 3585 881.57 97592.16 48.16 5055 62
1 9719 3586 1079.05 97607.12 1.20 9211 50
1 9731 3584 788065.52 106984.96 1.20 10453 50
1 9719 3585 859.20 97713.04 1.20 5022 45
1 9719 3586 1096.01 97607.12 1.20 9208 50
1 9719 3585 892.24 97592.32 1.20 5014 45
1 9719 3584 775850.47 110417.12 1.20 11029 50
1 9707 3586 1073.08 97486.80 1.20 9195 50
1 9731 3585 895.18 97712.64 1.20 5010 50
1 9731 3584 762552.81 110324.24 1.20 11029 50
1 9742 3586 1068.71 97727.44 1.20 9218 50
1 9719 3585 856.76 97751.76 1.20 5038 50
1 11049 3584 750692.18 108605.36 1.20 10916 50
1 9731 3586 1061.76 97847.76 1.20 9229 55
1 9719 3585 909.50 95831.04 1.20 4736 50
1 12067 3584 738787.43 107377.04 1.20 10739 50
1 9719 3586 1899.46 97586.88 1.20 9245 50
1 9731 3585 1015.47 99190.56 1.20 4900 50
1 12067 3584 738667.49 90536.24 1.20 9107 50
1 9719 3586 1188.69 97634.96 1.20 9205 50
1 12079 3584 746663.11 89065.04 1.20 8955 50
1 9719 3585 837.07 97713.44 1.20 5022 50
1 9719 3586 1100.35 97607.52 1.20 9206 50
1 9719 3585 824.43 97591.12 1.20 5056 50
1 12067 3584 754209.09 89820.96 1.20 9031 50
1 9719 3586 1083.88 97606.56 48.16 9210 77
1 9731 3585 849.45 97831.36 1.20 5026 50
1 12067 3584 760883.06 89821.12 1.20 9031 50
1 9742 3586 1111.13 97727.84 1.20 9217 50
1 9731 3585 861.11 97591.76 48.16 5000 72
1 12091 3584 768809.22 90536.32 48.16 9107 77
1 9731 3586 1070.80 97728.24 1.20 9215 50
1 9719 3585 874.34 97592.72 1.20 5007 55
1 12067 3584 776970.17 89391.84 1.20 8988 50
1 9719 3586 1080.90 97727.44 1.20 9216 50
1 9719 3585 823.89 97712.64 1.44 5058 50
1 12079 3584 789778.41 89821.12 1.20 9031 50
1 9719 3586 1062.86 97606.32 1.20 9213 50
1 9731 3585 843.45 97591.12 1.20 5015 50
1 12067 3584 814949.67 89820.96 1.20 9031 50
1 9707 3586 1102.52 97487.20 1.20 9193 50
1 9719 3585 841.57 97711.04 1.20 5016 55
1 12079 3584 839921.90 92938.08 1.20 9107 50
1 9719 3586 1096.84 97607.52 1.20 9262 55
1 9719 3585 840.08 97712.64 1.20 5013 50
1 12067 3584 862313.15 87074.24 1.20 8119 50
1 9731 3586 1062.28 97728.64 1.20 9217 50
1 9731 3585 833.10 97593.92 1.20 5049 50
1 12079 3584 867555.45 90590.40 1.20 8423 50
1 9742 3586 1056.79 97727.84 1.20 9220 50
1 12079 3584 868635.00 86041.36 1.20 8000 50
1 9719 3585 843.14 97591.92 1.44 5007 60
1 9719 3586 1096.88 97728.24 1.20 9214 50
1 9719 3585 867.59 97590.72 1.20 5013 60
1 12067 3584 872590.23 88454.00 1.20 8228 50
1 9719 3586 1087.44 97607.76 48.16 9205 72
1 9731 3585 843.19 97712.64 1.20 5017 50
1 12067 3584 874080.55 88136.88 1.20 8195 50
1 9719 3586 1091.17 97607.52 1.20 9207 50
1 12079 3584 874132.31 87318.80 1.20 8119 50
1 9719 3585 847.49 97470.64 48.16 5044 77
1 9719 3586 1067.40 97606.32 1.20 9211 50
1 9731 3585 858.32 97753.36 1.20 4992 50
1 12067 3584 880127.48 85223.04 1.20 7924 50
1 9731 3586 1063.46 97727.84 1.20 9221 50
1 9731 3585 864.91 97792.16 1.20 4845 50
1 12091 3584 881463.95 93003.28 48.16 8651 72
1 9731 3586 1415.80 97730.24 1.20 9208 50
1 9719 3585 1014.96 97469.28 1.20 4887 50
1 12067 3584 881019.88 86500.72 1.20 8043 50
1 9731 3586 1295.47 97729.84 1.20 9213 50
1 9719 3585 829.21 97592.32 1.20 5052 50
1 12079 3584 888247.47 82769.76 1.20 7696 50
1 9719 3586 1068.50 97608.32 1.20 9205 50
1 9731 3585 833.49 97752.16 1.20 4996 50
1 12067 3584 891954.33 86040.64 1.20 8000 50
1 9707 3586 1256.16 97793.84 1.20 9223 55
1 9707 3585 963.33 96828.64 1.20 4760 50
1 12079 3584 888284.29 95339.28 1.20 8912 50
1 9719 3586 1000.67 97600.32 1.20 9230 50
1 9731 3585 993.92 97609.92 1.44 4630 55
1 12055 3584 877706.70 94562.08 1.20 8836 50
1 9731 3586 990.57 97602.32 1.20 9230 50
1 9731 3585 966.45 97848.56 0.96 4681 45
1 12091 3584 869512.67 97133.60 1.20 9031 50
1 9731 3586 989.97 97719.84 94.72 9241 103
1 9719 3585 970.43 97487.20 1.20 4628 50
1 12067 3584 858770.30 97133.84 1.20 9031 50
1 9731 3586 1004.59 97721.84 1.20 9236 50
1 12079 3584 846720.47 96274.96 1.20 8955 50
1 9719 3585 1016.90 97609.76 7.92 4632 94
1 9719 3586 1026.95 97722.24 1.20 9235 50
1 9731 3585 976.83 97730.88 42.24 4639 65
1 12067 3584 842432.11 97133.60 1.20 9031 50
1 9719 3585 963.41 97605.92 1.20 4670 40
1 12079 3584 830630.27 97133.84 1.20 9031 50
1 9719 3586 1029.47 95356.24 1.20 9015 50
1 9719 3586 1041.50 99848.80 1.20 9444 50
1 9719 3585 998.52 97607.52 1.20 4636 45
1 12067 3584 815305.78 95498.16 1.20 8879 50
1 9731 3586 995.23 97601.12 1.20 9231 50
1 9742 3585 1010.72 97729.84 1.20 4637 45
1 12091 3584 804128.06 97910.16 94.72 9107 103
1 9731 3586 996.00 97601.12 1.20 9230 50
1 9719 3585 1004.45 97728.64 1.20 4637 45
1 12067 3584 803745.96 97133.36 1.20 9031 50
1 9731 3586 1004.02 97721.04 1.20 9236 55
1 9719 3585 1035.19 95655.76 1.20 4607 40
1 12079 3584 803237.01 88494.64 1.20 8228 50
1 9707 3586 1433.39 97725.84 1.20 9240 50
1 9731 3585 1152.10 100273.44 1.20 4886 45
1 12067 3584 818036.73 83127.52 1.20 7729 50
1 9719 3586 1077.06 97604.56 1.20 9228 50
1 9707 3585 835.75 97713.04 1.20 5013 45
1 12079 3584 832168.68 87278.16 1.20 8119 50
1 9719 3586 1009.29 97601.76 48.16 9227 72
1 9719 3585 861.32 97592.72 1.20 5010 45
1 12055 3584 836751.94 90590.40 1.20 8423 50
1 9719 3586 1054.44 97602.32 1.20 9228 50
1 12091 3584 848283.94 84747.52 1.20 7924 50
1 10342 3585 849.81 103248.56 3.92 5339 84
1 9742 3586 1014.48 97720.40 1.20 9238 50
1 12079 3585 894.24 121181.92 85.20 6184 85
1 12067 3584 859773.31 88494.88 1.20 8228 50
1 9731 3586 1075.87 97603.52 1.20 9226 50
1 12067 3585 886.43 121181.04 1.20 6182 45
1 12079 3584 865268.81 91367.68 1.20 8499 50
1 9719 3586 1021.28 97842.56 1.20 9249 50
1 12079 3585 891.05 121178.64 1.20 6188 45
1 12067 3584 875039.05 83469.84 1.20 7805 50
1 9719 3586 1068.62 96480.72 1.20 9123 50
1 12079 3584 888834.38 83229.52 1.20 7739 50
1 12067 3585 875.53 121298.96 1.20 6247 40
1 9719 3586 1015.13 98723.92 1.20 9335 50
1 12067 3585 918.01 121178.64 1.20 6183 45
1 12067 3584 899847.89 88136.24 1.20 8195 50
1 9731 3586 1025.45 97602.32 1.20 9234 55
1 12103 3585 899.00 121420.08 1.20 6201 45
1 12079 3584 896796.32 84706.40 48.16 7924 72
1 9731 3586 1069.61 97601.92 1.20 9231 50
1 12067 3585 905.66 121299.76 1.20 6192 45
1 12079 3584 899051.02 81134.08 1.20 7544 50
1 9719 3586 1009.47 97601.52 1.20 9230 50
1 12055 3585 907.87 121180.64 1.20 6229 40
1 12079 3584 906557.99 85683.12 1.20 7967 50
1 9719 3586 988.50 97842.00 48.16 9253 72
1 12079 3585 879.15 121298.56 1.20 6199 45
1 12067 3584 906284.07 88136.88 1.20 8195 50
1 9719 3586 1002.50 97602.96 1.20 9231 50
1 12055 3584 906580.64 81092.96 1.20 7544 50
1 12067 3585 882.64 121179.28 7.28 6186 94
1 9719 3586 1038.47 97601.52 1.20 9226 50
1 12067 3585 904.77 121180.88 42.88 6183 65
1 12079 3584 915613.49 85682.88 1.20 7967 50
1 9719 3586 1007.83 97601.52 1.20 9233 50
1 12091 3585 867.69 121299.76 1.20 6244 50
1 12067 3584 915598.59 91408.80 1.20 8499 50
1 9731 3586 1015.93 97601.92 1.20 9225 50
1 12079 3585 892.35 121299.76 1.20 6190 45
1 12091 3584 910245.39 84763.44 1.20 7881 50
1 9742 3586 1013.24 97720.00 1.20 9240 50
1 12067 3585 882.10 121179.44 1.20 6174 50
1 12067 3584 908286.79 89731.68 1.20 8347 50
1 9719 3586 1011.72 97621.76 1.20 9232 50
1 12067 3585 895.21 121180.64 1.20 6183 50
1 12079 3584 905103.31 87319.04 1.20 8119 50
1 9719 3586 998.28 97824.72 1.20 9247 55
1 12079 3585 885.00 121300.96 1.20 6243 50
1 12067 3584 900877.56 82411.28 1.20 7663 50
1 9719 3586 1005.22 97601.12 1.20 9229 50
1 12079 3584 903762.62 85223.04 48.16 7924 77
1 12067 3585 913.34 121218.56 1.20 6161 50
1 9719 3586 1005.80 97601.92 1.20 9234 50
1 12091 3585 1024.74 119683.44 1.20 5905 50
1 12067 3584 899069.03 94639.20 1.20 8803 50
1 9731 3586 1288.77 97485.44 1.20 9219 50
1 12079 3585 1152.38 123117.52 1.20 5857 50
1 12091 3584 895830.46 82411.68 1.20 7663 50
1 9719 3586 1289.35 97722.24 48.16 9231 77
1 12055 3585 913.72 121056.80 3.92 6180 89
1 12067 3584 893062.95 85565.36 1.20 8000 50
1 9731 3586 986.60 97723.04 1.20 9242 50
1 12067 3585 886.94 121180.96 85.60 6187 80
1 12067 3584 897579.28 83229.36 1.20 7739 50
1 9719 3586 1015.18 97722.64 1.20 9241 50
1 12079 3585 900.37 121301.36 1.20 6186 50
1 12067 3584 900171.81 86818.24 1.20 8076 50
1 9719 3586 1011.15 97603.36 1.20 9229 50
1 12067 3585 893.81 121338.48 1.20 6169 55
1 12079 3584 903989.93 81133.84 1.20 7544 50
1 9719 3586 1015.26 97602.32 1.20 9232 50
1 12079 3585 883.31 121394.24 1.44 6035 55
1 12067 3584 913112.93 79140.16 1.20 7359 50
1 9731 3586 1746.42 96095.52 1.20 9078 50
1 12091 3585 1038.56 121042.64 1.20 5879 45
1 12091 3584 923801.49 82191.92 1.20 7686 50
1 9731 3586 2496.33 99235.20 1.20 9374 55
1 12067 3585 904.87 121181.44 1.20 6186 45
1 12067 3584 922645.66 83747.28 1.20 7797 50
1 9731 3586 1134.76 97602.32 1.20 9231 50
1 12067 3585 917.93 121300.16 1.20 6184 45
1 12079 3584 905118.99 123996.16 1.20 12113 50
1 9719 3586 1004.28 97721.44 1.20 9240 50
1 12079 3585 955.54 121180.24 1.20 6231 40
1 12067 3584 862079.64 127000.00 48.16 12431 72
1 9719 3586 994.38 97721.44 1.20 9245 50
1 12067 3585 923.30 121179.84 1.20 6184 45
1 12079 3584 810322.47 127000.24 1.20 12431 50
1 9719 3586 995.76 97484.08 48.16 9220 72
1 12067 3584 763174.87 123730.40 1.20 12113 50
1 12055 3585 913.33 121421.28 3.92 6196 89
1 9719 3586 1004.04 97601.52 1.20 9227 50
1 12091 3585 924.72 121300.48 85.60 6196 85
1 12091 3584 713971.81 122667.12 1.20 12007 50
1 9731 3586 984.38 97720.00 1.20 9243 50
1 12079 3585 899.70 121179.04 1.20 6235 50
1 12067 3584 658690.36 127000.24 1.20 12431 50
1 9731 3586 980.94 97723.04 1.20 9248 50
1 12067 3585 937.35 121178.24 1.20 6184 55
1 12067 3584 612754.03 125913.36 1.20 12325 50
1 9719 3586 1000.82 97721.84 1.20 9243 50
1 12079 3585 908.62 121300.56 1.20 6186 50
1 12067 3584 606216.50 125896.64 1.20 12325 50
1 9719 3586 1006.22 97603.76 1.20 9231 50
1 12067 3585 947.84 121179.84 1.44 6177 55
1 12079 3584 601460.86 126724.40 1.20 12404 50
1 9719 3586 992.93 97602.72 1.20 9229 50
1 12067 3585 875.62 121177.44 0.96 6240 45
1 12067 3584 596655.31 126999.76 1.20 12431 50
1 9731 3586 991.01 97601.52 1.20 9234 55
1 12091 3585 913.43 121419.28 1.20 6195 50
1 12091 3584 592428.82 125917.12 1.20 12325 50
1 11864 3586 1162.05 118310.16 1.20 11159 50
1 12079 3585 908.29 121178.64 1.44 6186 55
1 12067 3584 587764.20 128062.88 1.20 12537 50
1 12079 3586 1183.31 121320.56 1.20 11442 50
1 12067 3585 922.27 121218.16 1.20 6158 50
1 12067 3584 585510.35 116363.68 48.16 10999 72
1 12079 3586 1187.68 121319.20 48.16 11441 77
1 12079 3584 595196.11 109027.20 1.20 10284 50
1 12067 3585 914.36 121259.68 7.04 6213 79
1 12067 3586 1146.58 121198.24 1.20 11428 50
1 12079 3585 902.26 121222.16 11.36 6158 20
1 12067 3584 598908.47 120553.36 1.20 11371 50
1 12055 3586 1175.82 121197.44 1.20 11426 50
1 12055 3585 1030.56 121260.40 62.72 5973 72
1 12079 3584 603673.13 111827.28 1.20 10548 50
1 12067 3586 1400.73 121200.24 1.20 11434 50
1 12079 3585 1105.35 121420.56 1.44 6051 55
1 12067 3584 611980.75 112532.32 1.20 10681 50
1 12091 3586 1186.75 121319.36 1.20 11446 50
1 12091 3585 887.71 121178.24 0.96 6236 45
1 12079 3584 618287.91 112685.28 1.20 10629 50
1 12079 3586 1164.31 121320.48 1.20 11444 50
1 12067 3585 902.81 121181.44 1.20 6179 50
1 12079 3584 624181.38 116057.28 1.20 10947 50
1 12067 3586 1204.98 121318.24 1.20 11445 50
1 12067 3585 893.27 121299.76 1.20 6189 50
1 12067 3584 624222.76 123904.40 1.20 11689 50
1 12079 3586 1203.61 121319.76 1.20 11443 55
1 12079 3585 922.84 121059.52 1.20 6174 50
1 12067 3584 625715.09 116895.20 1.20 11026 50
1 12067 3586 1198.99 121199.44 1.20 11433 50
1 12067 3585 862.02 121419.68 1.20 6239 50
1 12079 3584 627308.24 122801.28 1.20 11583 50
1 12067 3586 1192.57 121199.04 1.20 11435 50
1 12079 3585 927.84 121301.36 1.20 6171 50
1 12091 3584 630380.22 108741.04 48.16 10257 72
1 12079 3586 1201.05 121319.76 4.16 11444 77
1 12067 3584 639819.42 113390.80 1.20 10760 50
1 12079 3585 962.68 121061.36 7.28 6171 89
1 12091 3586 1195.64 121320.40 45.20 11446 45
1 12079 3585 970.94 121304.00 42.88 6180 65
1 12067 3584 646146.84 114228.32 1.20 10841 50
1 12067 3586 1193.94 121319.36 1.20 11444 50
1 12067 3585 888.34 121178.64 1.20 6234 50
1 12079 3584 650582.73 115352.64 1.20 10945 50
1 12067 3586 1185.29 121199.04 1.20 11431 50
1 12067 3585 917.32 121299.76 1.20 6185 50
1 12067 3584 656738.14 115485.28 1.20 10893 50
1 12067 3586 1198.92 121199.44 1.20 11431 50
1 12067 3585 928.16 121179.44 1.20 6178 50
1 12079 3584 659466.18 117886.72 1.20 11184 50
1 12067 3586 1395.91 121200.24 1.20 11431 50
1 12091 3585 934.32 121420.88 1.20 6189 55
1 12055 3584 664074.08 109446.48 1.20 10390 50
1 12079 3586 1197.29 121319.36 1.20 11443 50
1 12079 3585 897.44 121298.96 1.20 6239 50
1 12091 3584 675673.42 106492.72 1.20 10045 50
1 12079 3586 1168.81 121318.56 1.20 11449 55
1 12067 3585 903.86 121180.64 1.20 6177 50
1 12067 3584 678173.41 102929.36 1.20 9650 50
1 12079 3586 1204.48 121320.16 1.20 11442 50
1 12067 3585 905.63 121099.04 1.20 6156 50
1 12079 3584 695280.64 89732.16 1.20 8347 50
1 12079 3586 1190.65 121319.36 1.20 11444 50
1 12079 3585 920.64 121380.08 1.20 5984 50
1 12067 3584 723302.92 80316.00 1.20 7468 50
1 12067 3586 1912.00 120271.12 1.20 11344 50
1 12067 3585 1028.34 121057.20 3.92 5853 89
1 12079 3584 750820.47 84405.44 48.16 7848 72
1 12067 3586 2563.35 122134.80 48.16 11521 72
1 12079 3585 893.73 121421.76 46.24 6196 70
1 12067 3584 775992.56 84047.20 1.20 7815 50
1 12079 3586 1182.96 121198.64 1.20 11432 50
1 12091 3585 920.56 121300.56 1.20 6187 50
1 12091 3584 802735.31 83070.96 1.20 7772 50
1 12079 3586 1203.52 121439.28 1.20 11451 50
1 12055 3585 905.90 121180.24 1.20 6180 50
1 12067 3584 832321.80 90966.88 1.20 8879 50
1 12079 3586 1191.82 121199.44 1.20 11436 50
1 12067 3585 878.91 121179.04 1.20 6237 50
1 13493 3584 851558.50 92317.44 1.20 9031 50
1 12067 3586 1316.67 121200.56 1.20 11431 50
1 12091 3585 900.50 121340.08 1.20 6162 50
1 14416 3584 864925.81 92317.44 1.20 9031 50
1 12067 3586 1205.03 121318.24 1.20 11445 50
1 12055 3585 907.18 118097.04 1.20 5836 50
1 14440 3584 879663.51 93064.08 1.20 9107 50
1 12067 3586 1764.86 117620.16 1.20 11092 55
1 12091 3585 1198.96 122745.60 1.20 5839 50
1 14404 3584 884672.43 90762.64 1.20 8879 50
1 12079 3586 2785.95 123264.00 1.20 11627 50
1 12067 3585 979.03 122898.80 1.20 6259 50
1 14440 3584 878785.25 92317.44 1.20 9031 50
1 12079 3586 1249.50 122964.00 1.20 11605 50
1 12079 3585 910.34 121180.24 1.20 6183 50
1 14416 3584 866169.11 92317.20 1.20 9031 50
1 12079 3586 1208.18 121319.76 1.20 11442 50
1 14428 3584 857452.48 91509.84 1.20 8955 50
1 12067 3585 945.62 121179.44 3.92 6181 84
1 12079 3586 1282.51 121199.84 4.16 11435 77
1 12079 3585 903.89 121303.28 85.84 6187 95
1 14416 3584 848499.37 92317.52 4.16 9031 77
1 12067 3586 1217.87 121320.00 45.20 11442 45
1 12067 3585 891.60 121181.44 0.96 6224 45
1 14440 3584 845617.61 91540.16 45.20 8955 45
1 12067 3586 1177.20 121198.64 1.20 11432 50
1 12067 3585 911.84 121182.24 1.20 6179 50
1 14416 3584 847472.54 92317.44 1.20 9031 50
1 12079 3586 1202.98 121199.44 1.20 11429 50
1 12091 3585 915.28 121542.00 1.20 6203 50
1 14440 3584 850189.52 88669.52 1.20 8271 50
1 12079 3586 1205.37 121319.36 1.20 11442 50
1 12079 3585 930.04 121179.04 1.20 6184 50
1 14416 3584 853994.26 86501.28 1.20 8043 50
1 12067 3586 1192.20 121319.76 1.20 11442 50
1 12055 3585 908.25 121180.64 1.20 6241 50
1 14428 3584 863293.64 81833.92 1.20 7653 50
1 12079 3586 1186.76 121198.64 1.20 11434 55
1 12067 3585 903.00 121298.96 1.44 6182 55
1 14416 3584 870174.74 87318.56 1.20 8119 50
1 12067 3586 1209.70 121319.36 1.20 11441 50
1 12079 3585 900.98 121180.24 1.20 6182 50
1 14440 3584 877219.78 85642.00 1.20 7967 50
1 12067 3586 1419.50 121201.04 1.20 11431 50
1 12067 3585 898.56 121180.64 0.96 6183 45
1 14404 3584 884080.77 82769.76 1.20 7696 50
1 12067 3586 1221.66 121199.44 1.20 11431 50
1 14440 3584 894228.79 84865.28 1.20 7891 50
1 12103 3585 888.75 121299.60 48.16 6242 72
1 12091 3586 1410.22 121320.16 1.20 11446 50
1 12067 3585 903.59 121300.16 1.20 6193 50
1 14416 3584 901360.29 84865.28 4.16 7891 77
1 12079 3586 1423.94 121322.00 48.16 11442 72
1 12067 3585 902.64 121181.44 1.20 6181 50
1 14416 3584 910406.01 86459.84 45.20 8043 45
1 12067 3586 1217.40 121325.68 1.20 11444 50
1 12079 3585 908.07 121179.44 1.20 6183 50
1 14428 3584 913824.08 86500.96 48.16 8043 72
1 12079 3586 1214.11 121314.64 1.20 11440 50
1 12067 3585 895.50 121300.96 1.20 6246 50
1 14428 3584 915983.34 86041.12 1.20 8000 50
1 12067 3586 1190.13 121198.24 1.20 11430 50
1 12067 3585 920.06 121220.16 1.20 6158 50
1 14428 3584 915665.00 84865.28 1.20 7891 50
1 12067 3586 1201.46 121198.64 1.20 11428 50
1 12079 3585 958.70 120416.72 1.20 5949 50
1 14428 3584 916272.71 84364.32 1.20 7848 50
1 12067 3586 1682.61 119868.80 1.20 11302 50
1 12091 3585 1170.82 122383.04 1.20 5823 50
1 14428 3584 916797.16 85564.88 1.20 8000 50
1 12091 3586 3165.85 117363.20 1.20 11071 55
1 12055 3585 908.48 121057.60 1.20 6182 50
1 14416 3584 915212.22 84865.28 1.20 7891 50
1 12067 3586 2044.24 126615.76 1.20 11942 50
1 12067 3585 867.44 121300.16 1.20 6193 50
1 14428 3584 912992.72 85683.36 1.20 7967 50
1 12079 3586 1210.20 121319.76 1.20 11441 50
1 14404 3584 913591.59 85642.24 1.20 7967 50
1 12079 3585 884.75 121179.04 3.92 6188 89
1 12067 3586 1244.94 121199.44 1.20 11427 50
1 12067 3585 889.39 121302.48 85.84 6194 95
1 14440 3584 907648.51 88136.64 1.20 8195 50
1 12067 3586 1310.01 119445.04 94.72 11265 98
1 12091 3585 866.13 121297.36 0.96 6249 45
1 14416 3584 913558.34 80316.00 1.20 7468 50
1 12079 3586 1279.02 122954.88 1.20 11599 50
1 12079 3585 889.68 121177.84 1.20 6188 50
1 14440 3584 919346.40 78679.92 1.20 7316 50
1 12079 3586 1433.09 121442.08 1.20 11451 50
1 12067 3585 907.30 121178.64 1.20 6186 50
1 14416 3584 925830.92 82652.00 1.20 7729 50
1 12079 3586 1397.40 121320.96 1.20 11443 50
1 12067 3585 902.12 121179.04 1.20 6185 50
1 14428 3584 932606.39 78045.44 48.16 7349 72
1 12079 3586 1203.64 121319.36 1.20 11437 50
1 12079 3585 894.54 121300.16 1.20 6244 50
1 14416 3584 935567.47 87378.00 1.20 8532 50
1 12067 3586 1390.93 121199.84 1.20 11430 50
1 12067 3585 896.56 121179.04 1.20 6184 50
1 14440 3584 928294.61 92316.96 1.20 9031 50
1 12067 3586 1198.43 121078.72 1.20 11417 55
1 12067 3585 901.26 121420.08 1.20 6194 50
1 14416 3584 921714.73 91509.76 1.20 8955 50
1 12067 3586 1179.04 121198.24 1.20 11430 50
1 12079 3585 931.75 121300.16 1.20 6190 50
1 14440 3584 913843.53 91539.92 1.20 8955 50
1 12079 3586 1194.38 121439.68 1.20 11452 50
1 14416 3584 910684.50 91540.40 1.20 8955 50
1 12774 3585 903.53 127557.20 4.56 6556 89
1 12079 3586 1207.27 121320.16 1.20 11441 50
1 14416 3585 984.81 144890.00 84.32 7361 80
1 14416 3584 902239.51 90763.20 1.20 8879 50
1 12079 3586 1208.76 121199.04 1.20 11432 50
1 14428 3585 977.85 144927.60 1.20 7332 50
1 14416 3584 888951.43 91509.76 1.20 8955 50
1 12067 3586 1326.63 121321.20 48.16 11443 72
1 14428 3585 953.34 141443.92 1.20 6968 50
1 14440 3584 873690.20 90763.28 1.20 8879 50
1 12067 3586 1397.62 121199.84 1.20 11432 50
1 14416 3585 1293.46 147930.96 1.20 7094 50
1 14416 3584 859450.41 92317.52 1.20 9031 50
1 12079 3586 1473.83 121200.24 1.20 11433 50
1 14452 3585 975.09 145006.80 1.20 7371 50
1 14440 3584 853853.75 88431.60 1.20 8651 50
1 12079 3586 1206.12 121319.76 1.20 11439 50
1 14416 3585 973.32 144886.88 1.20 7364 50
1 14416 3584 856590.52 91509.76 1.20 8955 50
1 12079 3586 1170.56 121440.08 1.20 11450 50
1 14428 3585 979.42 144888.88 1.20 7359 50
1 14428 3584 857676.92 89985.68 1.20 8803 50
1 12079 3586 1208.05 121199.44 1.20 11429 55
1 14428 3585 965.36 144888.08 1.20 7416 50
1 14416 3584 859616.19 89208.64 1.20 8727 50
1 12067 3586 1158.06 121197.44 1.20 11430 50
1 14416 3585 998.66 144768.16 1.20 7353 50
1 14440 3584 861536.05 88431.84 4.16 8651 77
1 12055 3586 1325.97 121199.04 1.20 11426 50
1 14416 3584 864465.22 88400.88 45.20 8651 45
1 14404 3585 1003.75 144768.40 48.40 7352 82
1 12067 3586 1171.85 121197.44 1.20 11427 50
1 14452 3585 1005.77 145048.32 0.96 7336 45
1 14440 3584 868902.70 88431.52 1.20 8651 50
1 12091 3586 1174.97 121318.56 1.20 11439 50
1 14416 3585 1047.02 143545.20 1.20 7109 50
1 14404 3584 871217.70 88431.28 1.20 8651 50
1 12079 3586 1371.73 121320.40 48.16 11444 72
1 14428 3585 1195.25 145950.40 1.20 7042 50
1 14428 3584 875595.59 87654.48 1.20 8575 50
1 12079 3586 1870.33 121322.96 1.20 11445 50
1 14428 3585 977.53 145008.00 1.20 7368 50
1 14416 3584 877232.01 89178.24 1.20 8727 50
1 12067 3586 1162.80 121318.56 1.20 11443 50
1 14416 3585 970.06 144765.76 1.44 7361 55
1 14440 3584 879804.60 87654.56 1.20 8575 50
1 12067 3586 1171.74 121197.44 1.20 11429 50
1 14416 3585 954.30 144768.16 0.96 7408 45
1 14416 3584 882415.26 88431.84 1.20 8651 50
1 12067 3586 1160.77 121197.44 1.20 11432 50
1 14452 3585 987.51 145129.12 1.20 7377 50
1 14428 3584 884307.25 87654.48 1.20 8575 50
1 12091 3586 1165.43 121318.96 1.20 11439 55
1 14416 3585 1010.12 144765.76 1.44 7356 55
1 14428 3584 886129.44 89177.68 1.20 8727 50
1 12079 3586 1185.69 121319.36 1.20 11440 50
1 14416 3585 990.11 144766.16 0.96 7361 45
1 14416 3584 887572.86 80071.68 1.20 7468 50
1 12067 3586 1174.23 121318.96 1.20 11444 50
1 14428 3584 896103.78 82411.52 1.20 7663 50
1 14440 3585 936.38 144888.88 4.56 7415 89
1 12067 3586 1350.18 121199.84 1.20 11430 50
1 14416 3585 987.74 144889.20 84.32 7364 80
1 14440 3584 905395.90 78321.92 1.20 7283 50
1 12067 3586 1392.32 121199.44 1.20 11430 50
1 14404 3585 983.25 144767.76 1.20 7354 50
1 14416 3584 917696.13 80734.96 48.16 7511 72
1 12067 3586 1176.53 121198.08 48.16 11428 77
1 14440 3585 986.05 145007.20 1.20 7371 60
1 14404 3584 923903.78 80775.84 1.20 7511 50
1 12079 3586 1158.48 121318.16 1.20 11440 50
1 14428 3585 958.73 144766.96 1.20 7414 45
1 14440 3584 935613.70 77504.24 1.20 7207 50
1 12091 3586 1161.47 121318.16 1.20 11444 50
1 14416 3585 973.33 144768.56 1.20 7355 50
1 14416 3584 947035.58 77044.40 1.20 7164 50
1 12067 3586 1175.28 121318.56 1.20 11441 50
1 14428 3585 974.94 144887.68 1.20 7363 50
1 14428 3584 956954.20 83188.72 1.20 7739 50
1 12079 3586 1170.16 121318.56 1.20 11443 50
1 14428 3585 973.67 144886.48 1.20 7363 50
1 14416 3584 962734.74 78562.08 1.20 7349 50
1 12067 3586 1388.95 120170.32 1.20 11333 55
1 14416 3585 960.55 144820.64 1.20 7388 50
1 14440 3584 974475.70 71020.32 1.20 6925 50
1 12067 3586 1186.81 122228.96 1.20 11531 50
1 14428 3585 970.91 145194.08 1.20 7141 50
1 14416 3584 1010987.42 44127.60 1.20 4320 50
1 12079 3586 1502.79 120292.72 1.20 11409 50
1 14440 3584 1054816.34 44832.80 1.20 4392 50
1 14440 3585 1130.61 144767.60 7.92 6869 94
1 12079 3586 4297.83 116895.04 1.20 11026 50
1 14416 3585 1225.32 144647.60 80.96 7184 85
1 14416 3584 1101707.65 43928.00 1.20 4320 50
1 12079 3586 2250.92 126662.80 1.20 11946 50
1 14440 3585 961.11 144886.48 1.20 7420 50
1 14428 3584 1147884.69 44495.84 1.20 4356 50
1 12067 3586 1146.22 121196.64 1.20 11429 50
1 14404 3585 992.21 144886.48 1.20 7365 50
1 14440 3584 1191489.28 44127.36 1.20 4320 50
1 12067 3586 1160.25 121318.00 48.16 11445 72
1 14416 3585 975.01 144766.16 1.20 7353 50
1 14404 3584 1235361.39 44832.72 1.20 4392 50
1 12067 3586 1160.85 121197.44 1.20 11425 50
1 14428 3585 992.37 144926.40 1.20 7337 50
1 14428 3584 1279134.40 44495.60 1.20 4356 50
1 12079 3586 1184.95 121198.24 1.20 11429 50
1 14428 3585 968.44 144968.80 1.44 7188 50
1 14428 3584 1326788.47 44127.60 4.16 4320 77
1 12079 3586 2109.66 114733.20 1.20 10884 50
1 14428 3585 1252.18 144765.04 1.20 7000 45
1 14416 3584 1368990.99 44495.36 45.20 4356 45
1 13745 3586 11807.80 122801.36 1.20 11583 50
1 14428 3585 979.65 144886.88 1.20 7363 45
1 14428 3584 1412940.94 44832.40 1.20 4392 50
1 14428 3586 20481.78 131792.72 1.20 12431 55
1 14428 3585 978.47 144766.56 1.20 7358 45
1 14416 3584 1456268.33 44127.36 1.20 4320 50
1 14416 3586 29353.31 131793.20 1.20 12431 50
1 14440 3584 1498570.08 45643.20 1.20 4356 50
1 14416 3585 982.27 144767.76 3.92 7411 84
1 14416 3586 38829.42 131772.72 1.20 12431 50
1 14416 3585 979.95 145009.12 85.60 7376 80
1 14416 3584 1539924.65 45703.36 1.20 4356 50
1 14440 3586 47771.60 131793.12 1.20 12431 50
1 14440 3585 974.63 144926.80 1.20 7335 50
1 14440 3584 1583818.04 45672.48 1.20 4356 50
1 14428 3586 56646.34 131793.20 1.20 12431 50
1 14416 3585 1007.85 144848.48 1.20 7123 50
1 14416 3584 1628985.02 45325.28 1.20 4320 50
1 14416 3586 66181.29 127297.36 48.16 12007 72
1 14416 3585 1186.23 144572.24 1.20 6937 50
1 14428 3584 1671948.34 45702.96 1.20 4356 50
1 14428 3586 84142.15 122494.88 1.20 11556 50
1 14440 3585 985.85 145080.88 1.20 7377 50
1 14416 3584 1715171.06 45703.20 1.20 4356 50
1 14416 3586 93446.34 131793.20 1.20 12431 50
1 14416 3585 988.09 144769.36 1.20 7350 50
1 14428 3584 1758869.22 46050.16 1.20 4392 50
1 14416 3586 102307.47 131793.20 1.20 12431 50
1 14416 3585 998.30 145007.20 1.20 7370 55
1 14416 3584 1765294.29 45325.04 1.20 4320 50
1 14428 3586 111855.43 130669.36 1.20 12325 50
1 14440 3584 1762876.76 45702.96 1.20 4356 50
1 14440 3585 1010.16 144701.92 1.20 7377 50
1 14440 3586 121410.20 130648.40 1.20 12325 50
1 14428 3585 991.64 144955.04 1.20 7132 50
1 14416 3584 1758510.15 45702.96 1.20 4356 50
1 14428 3586 133997.91 127297.12 1.20 12007 50
1 14416 3585 1137.82 144768.08 7.28 7087 89
1 14428 3584 1756308.59 46050.40 1.20 4392 50
1 14428 3586 144699.02 129545.28 1.20 12219 50
1 14440 3585 981.47 144888.32 42.88 7368 65
1 14416 3584 1752959.25 45702.96 4.16 4356 77
1 14416 3586 153545.03 131793.20 1.20 12431 50
1 14416 3585 964.01 144807.68 1.20 7386 50
1 14440 3584 1750190.24 45702.96 45.20 4356 45
1 14416 3586 162382.33 132896.56 1.20 12537 50
1 14416 3585 959.28 143007.68 1.20 7038 50
1 14416 3584 1748498.53 44947.44 1.20 4284 50
1 14428 3586 171881.16 125049.20 1.20 11795 50
1 14404 3585 1153.19 146848.00 1.20 6966 50
1 14440 3584 1745154.75 46050.64 1.20 4392 50
1 14428 3586 189574.84 121391.20 48.16 11450 72
1 14452 3585 1004.26 144886.48 1.20 6885 50
1 14416 3584 1742590.71 45703.20 1.20 4356 50
1 14428 3586 204398.60 125887.20 1.20 11874 50
1 14428 3585 972.67 144645.52 1.20 7339 50
1 14416 3584 1740362.48 45325.20 1.20 4320 45
1 14416 3586 213663.16 132896.80 1.20 12537 50
1 14404 3585 999.23 144886.88 1.20 7367 50
1 14416 3584 1737574.54 45702.96 1.20 4356 50
1 14428 3586 222475.77 131793.20 1.20 12431 50
1 14440 3585 985.68 144767.36 1.20 7356 50
1 14416 3584 1736936.39 46049.92 1.20 4392 45
1 14416 3586 231344.97 131792.72 1.20 12431 50
1 14416 3585 1033.21 144807.68 1.20 7326 50
1 14440 3584 1736814.72 45703.20 1.20 4356 50
1 14416 3586 240216.27 131793.20 1.20 12431 50
1 14428 3584 1736095.61 45703.20 1.20 4356 50
1 14440 3585 995.24 141549.92 3.92 7025 89
1 14440 3586 249613.92 128400.80 1.20 12113 50
1 14428 3585 1223.72 148310.88 85.60 7027 80
1 14428 3584 1735218.53 45325.20 1.20 4320 50
1 14440 3586 263707.60 123639.28 1.20 11662 50
1 14416 3585 1052.70 144766.64 1.20 7094 50
1 14416 3584 1736805.73 45672.00 1.20 4356 50
1 14416 3586 276693.12 129545.04 1.20 12219 50
1 14428 3585 980.74 145006.80 1.20 7373 50
1 14428 3584 1736956.45 45703.20 1.20 4356 50
1 14428 3586 285875.02 131793.20 1.20 12431 50
1 14428 3585 968.31 144765.76 1.20 7414 50
1 6926 3584 1736981.66 45703.28 3.92 4356 72
1 14416 3586 294714.79 132896.32 48.16 12537 72
1 14416 3585 982.35 144767.36 1.20 7357 50
1 695 3584 1735443.96 45702.72 45.44 4356 50
1 14416 3586 303524.48 131793.68 1.20 12431 50
1 14428 3585 973.15 144808.48 1.20 7327 50
1 719 3584 1736101.61 46050.40 1.20 4392 50
1 14428 3586 312389.30 131793.20 1.20 12431 50
1 14428 3585 989.16 145209.84 1.20 7139 50
1 719 3584 1736163.56 45702.80 1.20 4356 50
1 14428 3586 321272.46 129545.04 1.20 12219 50
1 14416 3585 1355.59 141135.44 1.20 6761 50
1 719 3584 1736619.56 45325.28 0.96 4320 45
1 14428 3586 337515.22 121390.88 1.20 11450 50
1 14428 3585 1066.62 148398.96 1.20 7538 50
1 719 3584 1737143.43 45702.64 1.20 4356 50
1 14428 3586 348400.02 131793.20 1.20 12431 50
1 719 3584 1736685.53 46050.40 1.20 4392 50
1 14428 3585 982.21 144887.12 7.28 7366 94
1 14416 3586 357269.47 131793.20 1.20 12431 50
1 14416 3585 977.86 144647.92 82.24 7352 80
1 719 3584 1735514.99 45703.20 1.20 4356 50
1 14416 3586 366139.50 131792.96 1.20 12431 50
1 14428 3585 946.30 145009.60 1.20 7424 50
1 719 3584 1735331.71 45702.96 1.20 4356 50
1 14440 3586 374974.17 132896.80 1.20 12537 50
1 14440 3585 975.66 144765.76 1.20 7357 50
1 719 3584 1735628.98 44569.20 1.20 4248 50
1 14428 3586 383782.18 131792.96 1.20 12431 50
1 14416 3585 974.56 144887.68 1.20 7364 50
1 719 3584 1736430.63 46050.48 1.20 4392 50
1 14428 3586 392654.24 131793.20 3.92 12431 98
1 14428 3585 1006.98 144888.08 1.20 7358 50
1 683 3584 1736977.64 45703.28 4.16 4356 77
1 14428 3586 401524.43 131793.12 92.00 12431 50
1 14428 3585 958.31 144887.68 1.20 7420 60
1 719 3584 1736335.43 45702.72 45.20 4356 45
1 14416 3586 410689.97 130648.64 1.20 12325 50
1 14416 3585 997.68 144766.56 1.20 7357 45
1 695 3584 1737055.41 45703.20 1.20 4356 50
1 14404 3586 420721.46 131793.20 1.20 12431 50
1 14416 3585 961.46 144808.08 1.20 7327 50
1 707 3584 1736902.55 46050.16 1.20 4392 50
1 14440 3586 429589.35 131793.04 1.20 12431 50
1 14440 3585 962.17 145209.04 1.20 7143 50
1 719 3584 1733494.86 54390.96 1.20 5139 45
1 14428 3586 438806.57 129545.04 1.20 12219 50
1 719 3584 1676451.76 79139.76 1.20 7359 50
1 14416 3585 1099.63 144769.20 7.28 6920 84
1 14428 3586 452719.13 122934.40 1.20 11662 45
1 14428 3585 1146.52 144528.48 82.24 6981 85
1 719 3584 1061918.75 79140.16 1.20 7359 50
1 14428 3586 469387.13 122801.44 1.20 11583 50
1 14428 3585 975.55 145006.40 1.20 7372 50
1 719 3584 262334.80 47354.88 1.20 4438 50
1 14416 3586 479604.22 131793.20 1.20 12431 50
1 14416 3585 968.92 144766.96 1.20 7358 50
1 719 3584 310.07 7219.20 1.20 972 50
1 14416 3586 488480.85 131793.20 1.20 12431 50
1 14428 3585 956.02 144766.96 1.20 7415 50
1 539 3584 479.36 5414.40 1.20 814 50
1 14440 3586 497309.26 132896.56 1.20 12537 50
1 14440 3585 972.14 145008.40 1.20 7369 50
1 0 3584 0.00 0.00 0.24 5 10
1 14428 3586 506498.32 129544.96 48.16 12219 72
1 14416 3585 998.68 144886.48 1.20 7365 50
1 0 3584 0.00 0.00 0.00 5 5
1 14428 3586 516544.02 131793.20 1.20 12431 50
1 14428 3585 989.83 144766.56 1.20 7358 50
1 0 3584 0.00 0.00 0.00 5 5
1 14428 3586 525411.73 131793.20 1.20 12431 50
1 0 3584 0.00 0.00 0.00 5 5
1 14428 3585 962.67 145048.32 1.20 7397 50
1 14404 3586 534438.92 130648.64 1.20 12325 50
1 14416 3585 1002.73 144847.68 1.20 7125 50
1 0 3584 0.00 0.00 0.00 10 15
1 14416 3586 545553.71 127450.40 1.20 12086 50
1 14404 3585 1077.52 144045.44 3.92 6831 84
1 0 3584 0.00 0.00 0.00 5 5
1 14428 3586 560992.27 120420.96 1.20 11423 50
1 14440 3585 1042.33 145731.92 85.84 7238 95
1 0 3584 0.00 0.00 0.00 5 5
1 14440 3586 573543.83 129545.04 1.20 12219 50
1 14428 3585 972.99 144766.96 1.20 7414 45
1 0 3584 0.00 0.00 0.00 5 5
1 14428 3586 583580.48 132896.80 1.20 12537 50
1 14416 3585 976.21 144647.44 1.20 7349 45
1 0 3584 0.00 0.00 0.00 5 5
1 14416 3586 592378.49 131793.12 1.20 12431 50
1 14440 3585 982.18 145048.32 1.20 7342 45
1 0 3584 0.00 0.00 0.00 5 5
1 14428 3586 596405.30 131793.20 1.20 12431 50
1 14416 3585 992.67 144849.28 1.20 7125 45
1 0 3584 0.00 0.00 0.00 5 5
1 14416 3586 595232.35 129545.52 1.20 12219 50
1 14416 3585 1053.27 144644.32 1.20 6953 40
1 0 3584 0.00 0.00 0.00 5 5
1 14416 3586 593497.76 128400.48 141.28 12113 118
1 14440 3585 997.61 145006.80 1.20 7367 50
1 0 3584 0.00 0.00 0.00 5 5
1 14452 3586 588353.72 130669.36 1.20 12325 50
1 14428 3585 985.82 144888.48 1.20 7360 45
1 0 3584 0.00 0.00 0.00 5 5
1 14428 3586 586996.34 131793.20 1.20 12431 50
1 14416 3585 982.58 144807.28 1.20 7327 50
1 0 3584 0.00 0.00 0.00 10 15
1 14404 3586 587417.64 130382.72 1.20 12298 50
1 0 3584 0.00 0.00 0.00 5 5
1 7993 3585 935.18 82236.48 3.92 4135 89
1 14428 3586 588515.81 131486.88 1.20 12404 50
1 707 3585 433.87 7102.80 85.60 404 80
1 0 3584 0.00 0.00 0.00 5 5
1 14416 3586 589095.10 131793.44 1.20 12431 50
1 719 3585 310.33 7219.20 1.20 405 55
1 0 3584 0.00 0.00 0.00 5 5
1 14416 3586 585033.70 131793.20 1.20 12431 50
1 0 3584 0.00 0.00 0.00 5 5
1 707 3585 380.95 7098.88 1.20 435 50
1 14440 3586 582890.70 131793.20 1.20 12431 50
1 719 3585 449.39 7220.80 1.20 461 50
1 0 3584 0.00 0.00 0.00 5 5
1 14428 3586 582984.79 132896.56 1.20 12537 50
1 719 3585 557.85 7221.20 1.20 357 50
1 0 3584 0.00 0.00 0.00 5 5
1 14428 3586 583074.45 131793.20 1.20 12431 50
1 719 3585 327.32 7220.40 1.20 474 50
1 0 3584 0.00 0.00 0.00 5 5
1 14428 3586 581996.95 131793.20 1.20 12431 50
1 719 3585 510.87 7219.20 1.20 454 50
1 0 3584 0.00 0.00 0.00 5 5
1 14416 3586 581084.07 131792.72 48.16 12431 72
1 719 3585 490.73 7219.20 1.20 412 50
1 0 3584 0.00 0.00 0.00 5 5
1 14416 3586 581165.48 132896.96 1.20 12537 50
1 695 3585 277.93 6979.36 1.20 457 50
1 0 3584 0.00 0.00 0.00 10 15
1 14440 3586 581041.75 131792.88 1.20 12431 50
1 0 3584 0.00 0.00 0.00 5 5
1 707 3585 427.34 7099.12 48.40 369 72
1 14428 3586 581065.98 131793.20 1.20 12431 50
1 719 3585 327.18 7219.20 1.20 425 45
1 0 3584 0.00 0.00 0.00 5 5
1 14416 3586 581173.18 131793.20 1.20 12431 50
1 707 3585 460.95 7098.88 1.20 429 40
1 0 3584 0.00 0.00 0.00 5 5
1 14428 3586 581149.71 132896.88 1.20 12537 50
1 719 3585 452.95 7219.20 1.20 415 50
1 0 3584 0.00 0.00 0.00 5 5
1 14416 3586 581006.11 131793.20 1.20 12431 50
1 707 3585 426.69 7098.88 1.20 513 50
1 0 3584 0.00 0.00 0.00 5 5
1 14416 3586 580988.81 131793.28 1.20 12431 50
1 707 3585 642.44 7100.88 1.20 374 60
1 0 3584 0.00 0.00 0.00 5 5
1 14440 3586 581126.86 131793.20 1.20 12431 50
1 719 3585 364.26 7219.60 1.20 371 45
1 0 3584 0.00 0.00 0.00 5 5
1 14428 3586 581121.12 132896.80 1.20 12537 50
1 707 3585 332.12 7098.88 1.20 424 50
1 0 3584 0.00 0.00 0.00 5 5
1 14428 3586 581039.59 131792.96 48.16 12431 72
1 719 3585 399.65 7219.20 1.20 431 50
1 0 3584 0.00 0.00 0.00 5 5
1 14416 3586 581026.02 131793.44 1.20 12431 50
1 719 3585 447.56 7220.80 1.20 420 50
1 0 3584 0.00 0.00 0.00 5 5
1 14428 3586 581119.78 131792.72 1.20 12431 50
1 0 3584 0.00 0.00 0.00 10 10
1 611 3585 392.85 6137.36 5.12 385 84
1 14416 3586 581156.49 132896.96 1.20 12537 50
1 0 3585 0.00 2.08 85.20 25 60
1 0 3584 0.00 0.00 0.00 5 5
1 14440 3586 581044.56 131793.20 1.20 12431 50
1 0 3585 0.00 0.00 0.00 5 5
1 0 3584 0.00 0.00 0.00 5 5
1 14416 3586 580997.53 131792.96 1.20 12431 50
1 0 3584 0.00 0.00 0.00 5 5
1 0 3585 0.00 0.00 0.00 5 5
1 14428 3586 581127.54 131793.20 1.20 12431 50
1 0 3585 0.00 0.00 0.00 5 5
1 0 3584 0.00 0.00 0.00 5 5
1 14428 3586 581171.26 132896.80 1.20 12537 50
1 0 3585 0.00 0.00 0.00 5 5
1 0 3584 0.00 0.00 0.00 5 5
1 14416 3586 581019.66 131792.96 1.20 12431 50
1 0 3585 0.00 0.00 0.00 5 5
1 0 3584 0.00 0.00 0.00 5 5
1 14416 3586 581054.37 131793.20 1.20 12431 50
1 0 3585 0.00 0.00 0.00 5 5
1 0 3584 0.00 0.00 0.00 5 5
1 14428 3586 581117.12 131792.96 48.16 12431 72
1 0 3585 0.00 0.00 0.00 5 5
1 0 3584 0.00 0.00 0.00 5 5
1 14440 3586 581113.90 132897.04 1.20 12537 50
1 0 3585 0.00 0.00 0.00 5 5
1 0 3584 0.00 0.00 0.00 5 5
1 14428 3586 581084.83 131792.72 1.20 12431 50
1 0 3585 0.00 0.00 0.00 5 5
1 0 3584 0.00 0.00 0.00 10 15
1 14416 3586 581066.71 131793.20 1.20 12431 50
1 0 3585 0.00 0.00 0.00 10 10
1 0 3584 0.00 0.00 0.00 5 5
1 14428 3586 581127.86 131793.44 1.20 12431 50
1 0 3585 0.00 0.00 0.00 5 5
1 0 3584 0.00 0.00 0.00 5 5
1 14416 3586 581117.96 132896.80 1.20 12537 50
1 0 3585 0.00 0.00 0.00 5 5
1 0 3584 0.00 0.00 0.00 5 5
1 14404 3586 581045.61 131792.96 1.20 12431 50
1 0 3585 0.00 0.00 0.00 5 5
1 0 3584 0.00 0.00 0.00 5 5
1 14452 3586 581110.71 131793.20 1.20 12431 50
1 0 3585 0.00 0.00 0.00 5 5
1 0 3584 0.00 0.00 0.00 5 5
1 14428 3586 581152.82 131793.20 1.20 12431 50
1 0 3585 0.00 0.00 0.00 5 5
1 0 3584 0.00 0.00 0.00 5 5
1 13853 3586 581154.68 132896.80 1.20 12537 50
1 0 3585 0.00 0.00 0.00 5 5
1 0 3584 0.00 0.00 0.00 5 5
1 1641 3586 581044.60 131793.20 94.72 12431 98
1 0 3585 0.00 0.00 0.00 5 5
1 0 3584 0.00 0.00 0.00 5 5
1 707 3586 581013.38 131793.20 1.20 12431 50
1 0 3585 0.00 0.00 0.00 5 5
1 0 3584 0.00 0.00 0.00 5 5
1 719 3586 581141.40 131793.20 1.20 12431 50
1 0 3584 0.00 0.00 0.00 10 15
1 0 3585 0.00 0.00 0.00 5 5
1 719 3586 581143.44 132896.24 1.20 12537 50
1 0 3585 0.00 0.00 0.00 10 15
1 0 3584 0.00 0.00 0.00 5 5
1 707 3586 581073.13 131793.20 1.20 12431 50
1 0 3585 0.00 0.00 0.00 5 5
1 0 3584 0.00 0.00 0.00 5 5
1 719 3586 559560.92 131793.20 1.20 12431 50
1 0 3585 0.00 0.00 0.00 5 5
1 0 3584 0.00 0.00 0.00 5 5
1 707 3586 128762.22 29583.52 1.20 2821 50
1 0 3585 0.00 0.00 0.00 5 5
1 0 3584 0.00 0.00 0.00 5 5
1 719 3586 314.15 7219.20 1.20 722 50
1 0 3585 0.00 0.00 0.00 5 5
1 0 3584 0.00 0.00 0.00 5 5
1 719 3586 250.82 7219.20 1.20 877 50
1 0 3585 0.00 0.00 0.00 5 5
1 0 3584 0.00 0.00 0.00 5 5
1 707 3586 425.51 7099.12 48.16 927 77
1 0 3585 0.00 0.00 0.00 5 5
1 0 3584 0.00 0.00 0.00 5 5
1 707 3586 436.42 7098.88 1.20 840 50
1 0 3585 0.00 0.00 0.00 5 5
1 0 3584 0.00 0.00 0.00 5 5
1 719 3586 421.85 7219.20 1.20 807 50
1 0 3585 0.00 0.00 0.00 5 5
1 0 3584 0.00 0.00 0.00 5 5
1 719 3586 353.10 7219.20 1.20 873 50
1 0 3584 0.00 0.00 0.00 10 15
1 0 3585 0.00 0.00 0.00 5 5
1 719 3586 413.10 7219.20 1.20 897 50
1 0 3585 0.00 0.00 0.00 5 5
1 0 3584 0.00 0.00 0.00 5 5
1 719 3586 469.13 7219.20 1.20 890 50
1 0 3585 0.00 0.00 0.00 10 10
1 0 3584 0.00 0.00 0.00 5 5
1 707 3586 458.69 7098.88 1.20 707 50
1 0 3585 0.00 0.00 0.00 5 5
1 0 3584 0.00 0.00 0.00 5 5
1 719 3586 302.45 7219.20 1.20 719 50
1 0 3585 0.00 0.00 0.00 5 5
1 0 3584 0.00 0.00 0.00 5 5
1 719 3586 235.08 7219.20 1.20 858 50
1 0 3585 0.00 0.00 0.00 5 5
1 0 3584 0.00 0.00 0.00 5 5
1 707 3586 390.75 7098.88 1.20 1029 50
1 0 3585 0.00 0.00 0.00 5 5
1 0 3584 0.00 0.00 0.00 5 5
1 719 3586 585.70 7219.20 1.20 828 50
1 0 3585 0.00 0.00 0.00 5 5
1 0 3584 0.00 0.00 0.00 5 5
1 167 3586 596.36 1684.72 47.92 216 67
1 0 3585 0.00 0.00 0.00 5 5
1 0 3584 0.00 0.00 0.00 5 5
1 0 3586 0.00 0.00 0.00 5 5
1 0 3585 0.00 0.00 0.00 5 5
1 0 3584 0.00 0.00 0.00 5 5
1 0 3586 0.00 0.00 0.00 5 5
1 0 3584 0.00 0.00 0.00 10 15
1 0 3585 0.00 0.00 0.00 5 5
1 0 3586 0.00 0.00 0.00 10 10
1 0 3584 0.00 0.00 0.00 5 5
1 0 3585 0.00 0.00 0.00 5 5
1 0 3586 0.00 0.00 0.00 5 5
1 0 3585 0.00 0.00 0.00 10 15
1 0 3584 0.00 0.00 0.00 5 5
1 0 3586 0.00 0.00 0.00 5 5
1 0 3585 0.00 0.00 0.00 5 5
1 0 3584 0.00 0.00 0.00 5 5
1 0 3586 0.00 0.00 0.00 5 5
1 0 3585 0.00 0.00 0.00 5 5
1 0 3584 0.00 0.00 0.00 5 5
1 0 3586 0.00 0.00 0.00 5 5
1 0 3585 0.00 0.00 0.00 5 5
1 0 3584 0.00 0.00 0.00 5 5
1 0 3586 0.00 0.00 0.00 5 5
1 0 3585 0.00 0.00 0.00 5 5
1 0 3584 0.00 0.00 0.00 5 5
1 0 3586 0.00 0.00 0.00 5 5
1 0 3585 0.00 0.00 0.00 5 5
1 0 3584 0.00 0.00 0.00 5 5
