1 28917 3586 0.00 292279.44 16291.52 36136 13492
1 64 3585 0.00 654.48 266.32 3183 3587
1 82 3584 0.00 845.60 348.80 3380 4031
1 0 3586 0.00 0.00 0.00 10 15
1 0 3585 0.00 0.00 0.00 5 5
1 0 3584 0.00 0.00 0.00 5 5
1 0 3586 0.00 0.00 0.00 5 5
1 0 3585 0.00 0.00 0.00 5 5
1 0 3584 0.00 0.00 0.00 10 15
1 0 3586 0.00 0.00 0.00 5 5
1 0 3585 0.00 0.00 0.00 5 5
1 0 3584 0.00 0.00 0.00 5 5
1 0 3586 0.00 0.00 0.00 5 5
1 0 3585 0.00 0.00 0.00 5 5
1 0 3584 0.00 0.00 0.00 5 5
1 0 3586 0.00 0.00 0.00 5 5
1 0 3585 0.00 0.00 0.00 10 10
1 0 3584 0.00 0.00 0.00 5 5
1 0 3586 0.00 0.00 0.00 5 5
1 0 3585 0.00 0.00 0.00 5 5
1 0 3584 0.00 0.00 0.00 5 5
1 0 3586 0.00 0.00 0.00 5 5
1 0 3585 0.00 0.00 0.00 5 5
1 0 3584 0.00 0.00 0.00 5 5
1 0 3586 0.00 0.00 0.00 5 5
1 0 3585 0.00 0.00 0.00 5 5
1 0 3584 0.00 0.00 0.00 5 5
1 0 3586 0.00 0.00 0.00 5 5
1 0 3585 0.00 0.00 0.00 5 5
1 0 3584 0.00 0.00 0.00 5 5
1 0 3586 0.00 0.00 0.00 5 5
1 0 3585 0.00 0.00 0.00 5 5
1 0 3584 0.00 0.00 0.00 5 5
1 0 3586 0.00 0.00 0.00 10 15
1 0 3585 0.00 0.00 0.00 5 5
1 0 3584 0.00 0.00 0.00 5 5
1 0 3586 0.00 0.00 0.00 5 5
1 0 3585 0.00 0.00 0.00 5 5
1 0 3584 0.00 0.00 0.00 5 5
1 0 3586 0.00 0.00 0.00 5 5
1 0 3585 0.00 0.00 0.00 5 5
1 0 3584 0.00 0.00 0.00 10 10
1 0 3586 0.00 0.00 0.00 5 5
1 0 3585 0.00 0.00 0.00 5 5
1 0 3584 0.00 0.00 0.00 5 5
1 0 3586 0.00 0.00 0.00 5 5
1 0 3585 0.00 0.00 0.00 10 15
1 0 3584 0.00 0.00 0.00 5 5
1 0 3586 0.00 0.00 0.00 5 5
1 0 3585 0.00 0.00 0.00 5 5
1 0 3584 0.00 0.00 0.00 5 5
1 0 3586 0.00 0.00 0.00 5 5
1 0 3585 0.00 0.00 0.00 5 5
1 0 3584 0.00 0.00 0.00 5 5
1 0 3586 0.00 0.00 0.00 5 5
1 0 3585 0.00 0.00 0.00 5 5
1 0 3584 0.00 0.00 0.00 5 5
1 0 3586 0.00 0.00 0.00 5 5
1 0 3585 0.00 0.00 0.00 5 5
1 0 3584 0.00 0.00 0.00 5 5
1 0 3586 0.00 0.00 0.00 5 5
1 0 3585 0.00 0.00 0.00 5 5
1 0 3584 0.00 0.00 0.00 5 5
1 0 3586 0.00 0.00 0.00 10 15
1 0 3585 0.00 0.00 0.00 5 5
1 0 3584 0.00 0.00 0.00 5 5
1 0 3586 0.00 0.00 0.00 5 5
1 0 3585 0.00 0.00 0.00 5 5
1 0 3584 0.00 0.00 0.00 5 5
1 0 3586 0.00 0.00 0.00 5 5
1 0 3585 0.00 0.00 0.00 5 5
1 0 3584 0.00 0.00 0.00 10 15
1 0 3586 0.00 0.00 0.00 5 5
1 0 3585 0.00 0.00 0.00 5 5
1 0 3584 0.00 0.00 0.00 5 5
1 0 3586 0.00 0.00 0.00 5 5
1 0 3585 0.00 0.00 0.00 5 10
1 0 3584 0.00 0.00 0.00 5 5
1 0 3586 0.00 0.00 0.00 5 5
1 0 3585 0.00 0.00 0.00 10 5
1 0 3584 0.00 0.00 0.00 5 5
1 0 3586 0.00 0.00 0.00 5 5
1 0 3585 0.00 0.00 0.00 5 5
1 0 3584 0.00 0.00 0.00 5 5
1 0 3586 0.00 0.00 0.00 5 5
1 0 3585 0.00 0.00 0.00 5 5
1 0 3584 0.00 0.00 0.00 5 5
1 0 3586 0.00 0.00 0.00 5 5
1 0 3585 0.00 0.00 0.00 5 5
1 0 3584 0.00 0.00 0.00 5 5
1 0 3586 0.00 0.00 0.00 5 5
1 0 3585 0.00 0.00 0.00 5 5
1 0 3584 0.00 0.00 0.00 5 5
1 0 3586 0.00 0.00 0.00 5 10
1 0 3585 0.00 0.00 0.00 5 5
1 0 3584 0.00 0.00 0.00 5 5
1 0 3586 0.00 0.00 0.00 10 5
1 0 3585 0.00 0.00 0.00 5 5
1 0 3584 0.00 0.00 0.00 5 5
1 0 3586 0.00 0.00 0.00 5 5
1 0 3585 0.00 0.00 0.00 5 5
1 0 3584 0.00 0.00 0.00 10 15
1 0 3586 0.00 0.00 0.00 5 5
1 0 3585 0.00 0.00 0.00 5 5
1 1929 3584 10999.40 14945.04 248.08 4308 281
1 0 3586 0.00 0.00 0.00 5 5
1 0 3585 0.00 0.00 0.00 5 5
1 1917 3584 30554.31 16104.48 35.28 4347 120
1 0 3586 0.00 0.00 0.00 5 5
1 0 3585 0.00 0.00 0.00 5 5
1 1917 3584 45489.77 16978.80 0.96 4311 40
1 0 3586 0.00 0.00 0.00 5 5
1 0 3585 0.00 0.00 0.00 10 5
1 1929 3584 52877.78 18844.00 0.96 4311 40
1 0 3586 0.00 0.00 0.00 5 5
1 0 3585 0.00 0.00 0.00 5 5
1 1917 3584 49856.50 20894.96 0.96 4311 45
1 0 3586 0.00 0.00 0.00 5 5
1 0 3585 0.00 0.00 0.00 5 5
1 1929 3584 39516.20 21997.52 1.20 4275 45
1 0 3586 0.00 0.00 0.00 5 5
1 0 3585 0.00 0.00 0.00 5 5
1 1917 3584 20995.92 23869.36 1.20 4275 50
1 0 3586 0.00 0.00 0.00 5 5
1 287 3585 775.50 1537.84 0.00 324 5
1 1929 3584 2137.93 20614.56 1.20 3446 50
1 0 3586 0.00 0.00 0.00 10 10
1 1917 3585 15820.03 18523.60 280.72 3888 252
1 1917 3584 3584.92 19516.24 0.96 3002 45
1 0 3586 0.00 0.00 0.00 5 5
1 1929 3585 7437.97 21064.00 0.72 4392 35
1 1929 3584 771.61 19264.40 1.20 2844 55
1 0 3586 0.00 0.00 0.00 5 5
1 1917 3585 1288.66 19646.32 0.96 4101 70
1 1917 3584 1086.19 19267.84 48.16 2672 156
1 0 3586 103.00 6.88 5.76 15 15
1 1929 3585 1291.77 19403.68 0.96 4050 40
1 1929 3584 1080.56 19507.44 0.96 2599 45
1 0 3586 0.00 0.00 0.24 5 10
1 1917 3585 1013.26 19287.44 0.96 4030 65
1 1917 3584 1150.56 19147.28 1.20 2525 50
1 0 3586 0.00 0.00 0.00 5 5
1 1929 3585 1223.16 19406.72 1.20 4051 45
1 1929 3584 1178.82 19390.32 1.20 2607 50
1 0 3586 0.00 0.00 0.00 5 5
1 1917 3585 1021.13 19283.20 0.96 4026 40
1 1917 3584 1171.24 19268.80 1.20 2539 50
1 1677 3586 10430.17 12717.04 281.84 3502 174
1 1929 3585 2359.15 19047.68 0.96 3952 35
1 1929 3584 1882.75 19391.12 0.96 2577 40
1 1917 3586 31672.70 15862.32 0.96 4114 40
1 1917 3585 1225.14 19649.84 0.96 4128 60
1 1917 3584 1527.00 19271.20 0.96 2565 45
1 1929 3586 47165.75 17154.24 0.96 4046 40
1 1929 3585 1379.06 19408.72 2.96 4051 156
1 1929 3584 1183.69 19509.84 1.20 2728 50
1 1917 3586 52707.17 19272.00 0.96 4148 40
1 1917 3585 1205.91 19249.36 46.16 4041 45
1 1917 3584 1362.51 19213.36 1.20 2855 45
1 1929 3586 49556.86 20690.40 0.96 4114 40
1 1929 3585 1214.06 19445.60 0.96 4059 40
1 1929 3584 927.93 19446.16 0.96 3072 50
1 1917 3586 37920.84 22483.52 0.96 4114 40
1 1917 3585 1150.90 19284.80 0.96 4029 40
1 1917 3584 893.33 19268.24 4.80 3265 257
1 1929 3586 16754.30 24338.48 0.96 4114 40
1 1929 3585 1214.56 19406.32 0.96 4051 50
1 1929 3584 921.51 19391.60 4.64 3282 267
1 1917 3586 953.23 19791.20 0.96 3164 40
1 1917 3585 1169.20 19165.28 0.96 4001 45
1 1917 3584 1096.33 19271.28 47.68 3257 146
1 1917 3586 1806.78 19153.68 0.96 2837 40
1 1929 3585 1346.63 19529.84 1.20 4076 50
1 1929 3584 3535.30 19282.80 0.72 3178 30
1 1929 3586 908.79 19505.84 0.96 2762 40
1 1917 3585 978.71 19282.40 0.96 4029 60
1 1917 3584 1346.78 19392.32 1.20 3241 50
1 1917 3586 715.09 19262.48 95.68 2601 65
1 1929 3585 2404.31 18622.24 0.72 3864 55
1 1929 3584 1716.46 19154.08 1.20 3196 50
1 1929 3586 579.09 19380.16 0.96 2576 40
1 1917 3585 2796.29 20080.48 0.96 4189 40
1 1917 3584 1099.91 19511.84 1.20 3293 50
1 1917 3586 687.63 19261.20 0.96 2390 40
1 1929 3585 1204.09 19338.88 47.92 4038 146
1 1929 3584 880.76 19389.92 1.20 3258 50
1 1929 3586 577.71 19379.52 0.96 2286 40
1 1917 3585 1161.04 19351.68 0.96 4042 40
1 1917 3584 1068.57 19270.00 0.96 3257 45
1 1917 3586 663.40 19260.80 0.96 2184 40
1 1929 3585 1188.64 19406.32 0.96 4051 40
1 1929 3584 971.62 19391.92 1.20 3281 50
1 1929 3586 564.66 19379.12 0.96 2090 40
1 1917 3585 4171.49 19094.08 0.96 3984 40
1 1917 3584 1814.43 19274.24 4.16 3238 252
1 1917 3586 643.63 19259.20 0.96 1964 40
1 1929 3585 1283.56 19607.04 0.96 4093 40
1 1929 3584 916.13 19390.16 3.20 3256 151
1 1929 3586 567.33 19379.12 0.96 1923 40
1 1917 3585 963.68 19282.40 0.72 4029 30
1 1917 3584 861.01 19269.52 49.76 3262 262
1 1917 3586 633.29 19259.20 0.96 1967 40
1 1929 3585 1176.12 19406.32 0.96 4051 40
1 1929 3584 842.50 19389.52 1.20 3287 50
1 1929 3586 556.51 19378.72 0.96 1938 40
1 1917 3585 1634.87 19287.20 0.96 4026 40
1 1917 3584 1649.00 19272.40 0.96 3246 45
1 1917 3586 650.70 19259.84 48.32 1928 49
1 1929 3585 1254.17 19405.12 0.96 3860 35
1 1929 3584 1306.41 19394.32 0.72 3237 40
1 1929 3586 558.15 19379.12 0.96 1915 40
1 1917 3585 856.26 19271.60 0.72 3423 30
1 1917 3584 833.68 19268.00 1.20 3265 50
1 1917 3586 639.06 19259.20 0.96 1952 40
1 1929 3585 744.10 19386.56 47.92 3068 123
1 1929 3584 945.83 19391.92 1.20 3281 50
1 1929 3586 547.51 19378.72 0.96 1938 40
1 1917 3585 727.33 19261.60 0.96 2797 40
1 1917 3584 833.98 19268.00 1.20 3265 50
1 1917 3586 652.37 19259.20 0.96 1903 40
1 1929 3585 614.84 19381.52 0.96 2653 40
1 1929 3584 900.22 19389.92 1.20 3256 50
1 1929 3586 559.65 19379.12 0.96 1915 40
1 1917 3585 695.07 19379.92 0.72 2474 30
1 1917 3584 810.35 19268.48 49.76 3243 262
1 1917 3586 669.65 19258.80 0.96 1906 40
1 1929 3585 534.96 19258.80 0.96 2193 30
1 1929 3584 908.54 19391.12 1.20 3036 50
1 1929 3586 545.61 19378.72 0.96 1938 40
1 1917 3585 645.56 19379.12 0.96 2028 35
1 1917 3584 938.30 19144.48 1.20 2818 50
1 1917 3586 650.71 19259.20 0.96 1902 40
1 1929 3585 506.19 19251.60 0.96 1847 40
1 1929 3584 942.61 19507.04 1.20 2700 50
1 1929 3586 585.23 19379.12 0.96 1913 40
1 1917 3585 620.72 19374.72 0.72 1769 30
1 1917 3584 1118.97 19146.08 1.20 2667 50
1 1917 3586 664.27 19139.76 88.16 1953 69
1 1929 3585 584.46 19011.36 0.72 1637 35
1 1929 3584 1438.86 19268.80 1.20 2680 50
1 1929 3586 580.17 19379.36 8.72 1937 40
1 1917 3585 630.25 19492.64 0.96 1652 40
1 1917 3584 1488.80 19388.72 0.96 2697 45
1 1917 3586 674.67 19379.52 0.96 1918 40
1 1929 3585 595.66 19372.72 0.72 1444 35
1 1929 3584 1983.95 18118.00 0.96 2485 45
1 1929 3586 549.91 19258.80 0.96 1903 40
1 1917 3585 615.19 19372.56 47.92 1464 90
1 1917 3584 2622.31 20546.72 0.96 2815 40
1 1917 3586 669.02 19379.12 0.96 1937 35
1 1929 3585 488.64 19251.20 0.96 1288 40
1 1929 3584 926.62 19507.04 1.20 2722 50
1 1929 3586 548.36 19258.80 0.96 1906 40
1 1917 3585 547.86 19251.60 0.96 1340 40
1 1917 3584 1017.55 19266.48 49.76 2664 262
1 1917 3586 672.53 19379.92 0.96 1918 40
1 1929 3585 479.69 19371.52 0.72 1224 30
1 1929 3584 1121.68 19389.52 1.20 2687 50
1 1929 3586 550.77 19258.80 0.96 1903 40
1 1917 3585 605.72 19251.20 0.96 1166 20
1 1917 3584 813.98 19264.00 0.96 2855 45
1 1917 3586 635.84 19379.52 0.96 1937 40
1 1929 3585 513.18 19371.52 0.96 1119 35
1 1929 3584 800.73 19265.20 1.20 2854 50
1 1929 3586 547.04 19258.80 0.96 1906 40
1 1917 3585 702.66 19251.20 0.96 1077 40
1 1917 3584 831.78 19384.72 0.72 2869 40
1 1917 3586 685.32 19379.76 48.32 1941 49
1 1917 3585 622.25 19371.92 0.96 975 35
1 1929 3584 839.88 19265.20 0.96 2828 45
1 1929 3586 542.05 19258.80 0.96 1903 40
1 1929 3585 691.88 19251.20 0.72 1026 25
1 1917 3584 759.14 19383.92 0.48 2875 35
1 1917 3586 631.24 19379.52 0.96 1960 40
1 1929 3585 517.84 19130.88 0.96 994 45
1 1929 3584 810.22 19385.52 0.48 2920 35
1 1929 3586 541.32 19258.80 0.96 1905 40
1 1917 3585 738.70 19492.88 47.92 1021 113
1 1917 3584 1014.51 19144.88 0.48 2834 35
1 1917 3586 633.07 19379.52 0.96 1956 40
1 1917 3585 525.01 19371.52 0.96 986 40
1 1929 3584 998.78 19388.72 0.72 2833 40
1 1929 3586 541.44 19258.80 0.96 1903 40
1 1929 3585 695.82 19251.20 1.20 1015 45
1 1917 3584 836.33 19265.04 45.84 2854 131
1 1917 3586 1024.82 19140.48 0.96 1903 35
1 1929 3585 536.38 19371.52 0.96 986 30
1 1929 3584 1418.60 19152.32 2.32 2845 35
1 1929 3586 614.35 19499.84 0.96 1928 40
1 1917 3585 764.83 19251.20 0.72 1003 35
1 1917 3584 913.68 19626.96 0.72 2904 40
1 1917 3586 697.58 19379.92 0.96 1936 40
1 1917 3585 557.38 19251.20 0.96 968 35
1 1929 3584 1024.98 19267.60 0.96 2842 45
1 1929 3586 538.19 19258.80 0.96 1903 40
1 1929 3585 701.55 19371.92 0.96 1020 50
1 1917 3584 732.04 19383.52 0.24 2876 30
1 1917 3586 786.45 19380.96 48.32 1972 54
1 1917 3585 597.70 19251.60 0.96 977 30
1 1929 3584 881.58 19386.32 0.96 2895 45
1 1929 3586 527.04 19258.80 0.96 1906 40
1 1929 3585 838.74 19371.92 0.96 987 35
1 1917 3584 811.21 19263.60 0.24 2856 30
1 1917 3586 667.88 19379.52 0.96 1937 40
1 1917 3585 629.66 19371.92 0.96 982 35
1 1929 3584 1102.35 18813.76 0.72 2755 40
1 1929 3586 525.94 19258.80 0.96 1903 40
1 1929 3585 726.78 19251.84 47.92 1004 141
1 1917 3584 920.55 19839.36 0.48 2936 35
1 1917 3586 665.12 19379.52 0.96 1960 40
1 1917 3585 534.11 19130.88 0.96 993 40
1 1929 3584 857.86 19276.48 0.96 2876 45
1 1929 3586 525.25 19258.80 0.96 1906 40
1 1929 3585 761.07 19491.84 0.96 994 30
1 1917 3584 849.46 19255.92 2.08 2851 141
1 1917 3586 699.26 19379.92 0.96 1955 40
1 1917 3585 603.87 19251.20 0.96 987 40
1 1929 3584 845.18 19505.04 0.24 2866 131
1 1929 3586 540.30 19258.80 0.96 1907 40
1 1929 3585 745.02 19371.52 0.72 991 30
1 1917 3584 778.65 19263.68 3.68 2833 247
1 1917 3586 653.34 19379.52 0.96 1941 40
1 1917 3585 536.79 19251.20 0.96 1105 35
1 1929 3584 997.98 19388.40 4.40 2888 262
1 1929 3586 522.58 19258.80 0.96 1906 40
1 1929 3585 718.57 19371.92 0.96 1106 35
1 1917 3584 772.58 19264.24 2.56 2857 151
1 1917 3586 669.00 19379.76 48.32 1960 54
1 1917 3585 977.64 19252.40 0.96 1085 40
1 1929 3584 937.10 19386.80 47.92 2864 151
1 1929 3586 521.66 19258.80 0.96 1903 40
1 1929 3585 644.84 19371.52 0.72 1099 30
1 1917 3584 807.25 19264.00 0.72 2856 40
1 1917 3586 716.74 19379.52 0.96 1936 40
1 1917 3585 497.92 19131.12 47.92 1117 151
1 1929 3584 963.81 19266.80 0.96 2849 45
1 1929 3586 668.38 19260.00 0.96 1927 40
1 1929 3585 718.77 19371.92 0.96 1114 40
1 1917 3584 872.79 19386.32 0.24 2866 25
1 1917 3586 666.14 19379.52 0.96 1937 40
1 1917 3585 680.73 19492.64 0.96 1095 45
1 1929 3584 1698.45 18295.12 0.48 2675 35
1 1929 3586 533.23 19258.80 0.96 1907 40
1 1929 3585 712.57 19251.60 0.72 1105 30
1 1917 3584 1281.06 20360.48 49.76 3012 262
1 1917 3586 665.71 19379.12 0.96 1933 40
1 1917 3585 510.78 19371.52 0.96 1133 45
1 1929 3584 925.97 19385.92 0.96 2872 50
1 1929 3586 540.45 19258.80 0.96 1929 40
1 1929 3585 708.57 19251.60 0.96 1090 40
1 1917 3584 777.22 19144.08 0.96 2837 45
1 1917 3586 683.07 19379.52 0.96 1918 40
1 1917 3585 506.33 19371.92 0.96 1111 40
1 1929 3584 864.87 19506.24 0.96 2888 45
1 1929 3586 534.07 19258.80 0.96 1907 40
1 1929 3585 647.94 19251.20 0.96 1105 35
1 1917 3584 755.31 19264.00 0.72 2853 40
1 1917 3586 778.97 19380.56 48.32 1909 53
1 1917 3585 531.25 19131.28 0.72 1119 35
1 1929 3584 1679.25 19268.00 0.96 2846 40
1 1929 3586 533.16 19258.80 0.96 1910 40
1 1929 3585 693.80 19491.84 0.96 1116 40
1 1917 3584 797.96 19385.52 0.72 2872 40
1 1917 3586 680.76 19379.52 0.96 1918 40
1 1917 3585 508.73 19371.52 0.96 1131 40
1 1929 3584 943.11 19266.00 1.20 2854 50
1 1929 3586 526.00 19258.80 0.96 1907 40
1 1929 3585 662.89 19251.84 47.92 1099 141
1 1917 3584 821.85 19265.20 0.72 2829 40
1 1917 3586 673.07 19379.12 0.96 1914 40
1 1917 3585 565.79 19130.88 0.96 1103 40
1 1929 3584 897.86 19385.12 1.20 2873 50
1 1929 3586 525.41 19258.80 0.96 1929 40
1 1929 3585 706.12 19491.84 0.96 1096 40
1 1917 3584 892.18 19386.16 4.16 2868 257
1 1917 3586 670.54 19379.52 0.96 1918 40
1 1917 3585 511.62 19371.92 0.96 1129 40
1 1929 3584 916.39 19358.88 47.92 2887 151
1 1929 3586 543.66 19258.80 0.96 1925 40
1 1929 3585 630.45 19251.20 0.72 1097 30
1 1917 3584 949.05 18841.68 1.20 2790 50
1 1917 3586 668.58 19379.12 0.96 1914 40
1 1917 3585 495.25 19371.92 0.96 1153 45
1 1929 3584 974.48 19840.56 1.20 2959 50
1 1929 3586 551.82 19259.20 0.96 1928 40
1 1929 3585 698.99 19251.60 0.96 1095 40
1 1917 3584 715.42 19263.60 0.48 2856 35
1 1917 3586 682.10 19379.76 48.32 1922 49
1 1917 3585 14470.20 9077.52 0.72 2925 25
1 1929 3584 861.27 19023.76 1.20 2818 45
1 1929 3586 551.19 19259.20 0.96 1925 40
1 1929 3585 96997.68 2916.40 0.72 4464 30
1 1917 3584 1416.51 19629.76 1.20 2895 50
1 1917 3586 659.18 19379.12 0.96 1915 40
1 1917 3585 182363.31 2885.68 0.48 4392 20
1 1929 3584 853.26 19384.72 1.20 2875 50
1 1929 3586 554.69 19258.80 0.96 1924 40
1 1929 3585 267315.26 2885.68 47.44 4392 113
1 1917 3584 718.42 19263.60 1.20 2857 50
1 1917 3586 652.35 19379.52 0.96 1918 45
1 1917 3585 352254.43 2885.68 0.48 4392 25
1 1929 3584 902.82 19265.20 1.20 2829 50
1 1929 3586 578.40 19258.80 0.96 1910 40
1 1929 3585 437819.78 2868.72 0.72 4392 25
1 3822 3584 13793.73 28169.28 4.80 4056 257
1 1917 3586 654.11 19379.12 0.96 1915 40
1 1917 3585 523294.92 3548.16 0.48 4320 15
1 3846 3584 38148.17 29937.52 4.80 4311 257
1 1929 3586 550.65 19258.80 0.96 1924 40
1 1929 3585 600535.32 5837.28 0.72 4392 25
1 3846 3584 63506.38 28707.44 3.20 4131 151
1 1917 3586 643.83 19379.52 0.96 1919 40
1 1917 3585 662817.61 8729.20 0.72 4320 30
1 3846 3584 87612.83 29207.60 4.40 4203 262
1 1929 3586 574.86 19259.20 0.96 1924 40
1 1929 3585 708336.44 12579.84 0.72 4464 25
1 3846 3584 110976.02 29708.00 4.56 4275 252
1 1917 3586 635.17 19379.20 95.52 1934 94
1 1917 3585 735027.30 15876.48 0.96 4248 40
1 3846 3584 135992.71 28687.20 0.48 4131 20
1 1929 3586 565.16 19259.04 0.96 1927 40
1 1929 3585 743040.64 19251.84 0.96 4320 35
1 3846 3584 163654.82 27957.04 0.00 4023 5
1 1917 3586 682.74 19379.92 0.96 1918 35
1 2133 3585 735464.24 21884.32 3.68 4320 73
1 3846 3584 185395.90 16815.84 1.84 2421 260
1 1929 3586 643.85 19260.80 0.96 1900 20
1 3858 3585 719697.80 22981.12 44.96 3960 30
1 3846 3584 0.00 0.00 0.00 0 0
1 1917 3586 646.20 19379.12 0.96 1915 40
1 3834 3585 694419.31 25622.00 0.96 3924 40
1 3846 3584 0.00 0.00 0.00 0 0
1 1929 3586 552.87 19258.80 0.96 1929 40
1 3858 3585 658514.37 26511.20 0.96 3816 40
1 3846 3584 0.00 0.00 0.00 0 0
1 1917 3586 1244.15 18158.56 0.72 1795 35
1 3834 3585 618056.10 28013.12 0.96 4032 40
1 3846 3584 615388.79 5444.64 14.24 783 36
1 1929 3586 1092.51 20482.96 0.96 1999 40
1 3858 3585 567276.28 30178.56 0.72 4392 30
1 3846 3584 630974.69 29208.24 43.12 4203 88
1 1917 3586 632.93 19379.12 0.96 1915 40
1 3834 3585 538487.92 29856.88 0.96 4320 40
1 3846 3584 655244.45 29438.00 4.24 4239 10
1 1929 3586 551.63 19258.80 0.96 1943 40
1 3858 3585 561451.81 29356.48 0.96 4248 40
1 3846 3584 680971.45 28457.36 4.24 4095 10
1 3343 3586 1001.30 33476.40 47.92 3209 63
1 3834 3585 582671.36 31089.52 0.96 4392 40
1 3846 3584 705590.97 28823.68 4.24 4104 10
1 3858 3586 3488.08 38785.44 0.96 3691 40
1 3858 3585 602053.68 29970.88 0.72 4032 25
1 3846 3584 746739.04 19318.40 4.24 2619 10
1 3834 3586 1226.07 38779.04 0.96 3724 40
1 3834 3585 620408.19 34957.44 0.96 4320 76
1 3846 3584 791180.21 23137.92 4.24 3141 10
1 3858 3586 1317.25 38538.00 0.96 3684 40
1 3858 3585 625500.51 38877.60 47.52 4320 40
1 3846 3584 829809.57 23865.92 4.24 3258 10
1 3834 3586 1094.27 38778.24 0.96 3704 40
1 3834 3585 618604.66 42831.12 0.96 4320 40
1 3846 3584 866686.16 24311.28 4.24 3357 10
1 3858 3586 1210.61 38536.80 1.20 3681 50
1 3858 3585 602427.08 47329.20 0.72 4464 30
1 3846 3584 896298.32 29458.64 6.08 4239 46
1 3834 3586 1099.71 38778.24 0.96 3726 40
1 3834 3585 578387.27 49529.84 0.96 4320 40
1 3846 3584 921893.92 29187.20 33.52 4203 46
1 3858 3586 1159.63 38536.80 0.96 3685 40
1 3858 3585 542389.15 54747.44 0.96 4392 30
1 3846 3584 944725.81 29959.04 6.24 4311 10
1 3834 3586 1097.59 38778.24 0.96 3705 40
1 3834 3585 495743.54 58467.36 0.96 4392 35
1 3846 3584 967104.10 29959.28 4.24 4311 10
1 3858 3586 1159.08 38536.00 0.96 3682 40
1 3858 3585 438936.60 62887.52 0.72 4464 30
1 3846 3584 989511.41 29959.04 4.24 4311 10
1 3834 3586 1144.70 38779.28 48.32 3704 49
1 3834 3585 375722.36 62150.24 0.96 4176 40
1 3846 3584 1013148.30 28748.48 4.24 4140 10
1 3858 3586 1152.37 38536.40 0.96 3685 40
1 3858 3585 313092.59 65694.32 0.96 4248 40
1 3846 3584 1043800.93 27767.60 4.24 3996 10
1 3834 3586 1098.19 38778.64 0.96 3725 40
1 3834 3585 234322.48 71396.80 0.96 4392 40
1 3846 3584 1066115.75 29959.28 4.24 4311 10
1 3858 3586 1159.44 38536.40 0.96 3682 40
1 3858 3585 146481.60 72863.36 47.68 4248 54
1 3846 3584 1090517.13 26940.16 0.00 3897 5
1 3834 3586 1290.29 38781.04 0.96 3701 40
1 3834 3585 63665.03 69829.52 0.72 3852 20
1 3846 3584 1126894.41 24743.36 4.24 3564 15
1 3858 3586 1159.43 38536.00 0.96 3686 40
1 3858 3585 4670.94 46757.68 0.96 2512 25
1 3846 3584 1155335.16 28957.76 21.68 4167 46
1 3834 3586 1195.69 38779.44 0.96 3725 40
1 3834 3585 674.88 38749.04 0.96 2010 35
1 3846 3584 1181019.60 28958.00 6.24 4167 10
1 3858 3586 1188.09 38537.20 0.96 3680 40
1 3858 3585 815.65 38267.36 0.72 1926 25
1 3846 3584 1209450.99 24324.32 2.24 3501 15
1 3834 3586 1171.14 38779.44 0.96 3704 40
1 3834 3585 705.82 38991.68 0.96 2061 35
1 3846 3584 1247943.25 27686.00 4.24 3987 10
1 3858 3586 1148.32 38536.00 0.96 3685 40
1 3858 3585 682.85 38510.80 0.96 2036 20
1 3846 3584 1273994.49 28456.88 17.20 4095 67
1 3834 3586 1121.17 38779.28 48.32 3728 49
1 3834 3585 806.71 38752.64 0.72 2052 30
1 3846 3584 1298923.45 27455.84 4.24 3951 10
1 3858 3586 1191.80 38535.60 0.96 3682 40
1 3858 3585 652.72 38509.60 0.96 2053 35
1 3846 3584 1327603.03 28457.04 4.24 4095 10
1 3834 3586 1173.19 38779.84 0.96 3704 40
1 3834 3585 696.87 38751.04 0.96 2026 45
1 3834 3584 1356580.14 27936.32 4.08 4023 10
1 3858 3586 1184.99 38536.00 0.96 3685 40
1 3858 3585 698.20 38511.04 48.16 2036 85
1 3858 3584 1385317.95 26705.12 4.24 3843 10
1 3834 3586 1128.16 38779.04 0.96 3726 40
1 3834 3585 695.62 38751.44 0.96 2052 45
1 3834 3584 1412357.07 28958.00 4.24 4167 10
1 3858 3586 1139.54 38535.60 0.96 3682 40
1 3858 3585 620.80 38509.60 0.72 2055 30
1 3858 3584 1438403.10 28707.44 19.44 4131 46
1 3834 3586 1190.19 38780.64 0.96 3705 40
1 3834 3585 676.20 38269.76 0.96 2007 25
1 3834 3584 1465587.80 28436.00 40.24 4095 296
1 3858 3586 1138.33 38536.00 0.96 3686 40
1 3858 3585 667.32 38889.28 0.96 2059 30
1 3858 3584 1492116.56 27705.84 0.96 3987 83
1 3834 3586 1171.21 38641.36 0.96 3690 40
1 3834 3585 671.98 38614.00 0.96 2045 40
1 3834 3584 1518181.40 28957.76 1.20 4167 50
1 3858 3586 1146.55 38674.08 0.96 3696 40
1 3858 3585 3150.58 38514.00 0.72 2023 30
1 3858 3584 1550863.51 22572.80 0.96 3249 40
1 3834 3586 1180.74 38780.88 48.32 3705 54
1 3834 3585 821.95 38510.80 0.96 2013 30
1 3834 3584 1586532.37 27609.20 1.20 3996 50
1 3858 3586 1175.79 38535.60 0.96 3685 40
1 3858 3585 762.15 38752.24 0.96 2042 40
1 3858 3584 1617911.64 25514.96 1.20 3672 50
1 3834 3586 1157.06 38659.52 0.96 3694 40
1 3834 3585 770.28 38992.48 0.96 2057 35
1 3834 3584 1652760.13 26955.92 0.48 3879 35
1 3858 3586 1144.28 38656.72 0.96 3693 40
1 3858 3585 649.41 38510.24 47.92 2052 123
1 3858 3584 1678492.19 28957.92 0.96 4167 40
1 3834 3586 1150.99 38659.92 0.96 3694 40
1 3834 3585 704.74 38751.44 0.96 2032 40
1 3834 3584 1704225.73 29187.68 1.20 4203 50
1 3858 3586 1134.29 38655.52 0.96 3696 40
1 3858 3585 663.21 38269.36 0.96 2025 40
1 3858 3584 1730717.20 27455.84 4.32 3951 257
1 3834 3586 1305.57 38661.52 0.96 3693 40
1 3834 3585 829.25 38992.48 0.96 2057 40
1 3834 3584 1759653.58 24687.76 0.48 3573 20
1 3858 3586 1138.45 38656.32 0.96 3694 40
1 3858 3585 1214.98 38512.80 0.72 2028 30
1 3858 3584 1804115.39 23532.08 9.28 3384 260
1 3834 3586 1274.75 38661.52 0.96 3692 35
1 3834 3585 823.07 38511.60 0.96 2011 40
1 3834 3584 0.00 0.00 0.00 0 0
1 3858 3586 1157.53 38656.32 0.96 3695 40
1 3858 3585 911.20 38514.00 0.96 2003 35
1 3858 3584 0.00 0.00 0.00 0 0
1 3834 3586 1158.19 38660.72 3.92 3695 67
1 3834 3585 926.39 38753.44 0.96 2018 40
1 3834 3584 0.00 0.00 0.00 0 0
1 3858 3586 1278.54 33948.64 44.96 3243 35
1 3858 3585 817.30 38512.00 0.96 2032 45
1 3858 3584 2202459.34 5444.64 13.76 783 31
1 3834 3586 17670.48 38948.16 0.96 3706 30
1 3834 3585 906.78 38511.60 0.72 2029 35
1 3834 3584 2225079.98 24605.68 4.24 3564 10
1 3858 3586 6605.82 43091.20 0.96 4104 40
1 3858 3585 799.17 38512.24 48.16 2030 151
1 3858 3584 2263751.69 23451.20 4.24 3375 10
1 3834 3586 1166.61 38660.32 0.96 3696 40
1 3834 3585 846.57 39233.12 0.96 2070 40
1 3834 3584 2296612.27 27956.72 4.24 4023 10
1 3858 3586 1118.47 38655.92 0.96 3694 40
1 3858 3585 738.36 38510.80 0.72 2049 30
1 3858 3584 2321743.41 25704.08 43.12 3699 88
1 3834 3586 1130.27 38659.52 1.20 3694 55
1 3834 3585 805.81 38270.96 0.96 2012 40
1 3834 3584 2359116.24 26184.08 4.24 3771 10
1 3846 3586 1119.09 38655.52 0.96 3697 40
1 3858 3585 1019.79 38996.08 0.96 2041 35
1 3858 3584 2403347.58 20569.76 6.48 2961 20
1 3846 3586 1162.46 38659.92 0.96 3696 40
1 3834 3585 751.21 38630.32 0.96 2045 35
1 3834 3584 2434137.92 28958.48 1.84 4167 5
1 3846 3586 1177.39 38657.52 0.96 3692 40
1 3858 3585 651.27 38630.72 0.72 2048 30
1 3858 3584 2459441.42 29458.48 4.24 4239 10
1 3846 3586 1193.42 38660.32 0.96 3693 40
1 3834 3585 725.30 38648.16 0.96 2046 40
1 3834 3584 2484991.97 28937.36 4.24 4167 10
1 3846 3586 1115.44 38655.84 95.68 3696 59
1 3858 3585 852.68 38375.04 0.96 2037 35
1 3858 3584 2515407.18 23763.04 4.24 3420 10
1 3846 3586 1139.04 38658.72 0.96 3715 40
1 3834 3585 984.71 38873.36 0.96 2041 35
1 3834 3584 2557300.05 21822.00 1.84 3141 5
1 3846 3586 1875.72 37686.16 0.96 3594 40
1 3858 3585 923.53 38391.52 47.68 2029 130
1 3858 3584 2602930.73 20830.88 4.24 3033 15
1 3846 3586 1595.57 39635.28 0.96 3782 40
1 3834 3585 1278.35 38994.48 0.96 2085 35
1 3834 3584 2650565.45 21453.44 6.08 3348 10
1 3846 3586 1106.27 38655.12 0.96 3697 40
1 3858 3585 667.78 38511.60 0.96 2148 40
1 3858 3584 2687877.38 24121.12 19.60 4023 41
1 3846 3586 1244.56 38660.32 0.96 3692 45
1 3834 3585 752.20 38511.20 0.96 2059 40
1 3834 3584 2726951.43 22287.28 4.24 4095 10
1 3846 3586 1112.03 38655.52 0.96 3694 40
1 3846 3585 599.87 38750.64 0.72 2057 30
1 3858 3584 2770615.89 21999.36 6.48 4311 20
1 3846 3586 1166.88 38659.92 0.96 3694 40
1 3846 3585 743.98 38269.76 0.96 2029 30
1 3834 3584 2815556.52 21435.76 4.24 4203 10
1 3846 3586 1151.00 38655.92 0.96 3696 40
1 3858 3585 667.93 38630.72 0.96 2046 40
1 3858 3584 2861122.31 20346.24 4.24 3987 10
1 3846 3586 1208.86 38659.52 0.96 3696 40
1 3834 3585 1044.31 38873.36 0.72 2023 25
1 3834 3584 2910254.28 16614.64 0.00 3276 5
1 3846 3586 1115.87 38656.16 48.32 3694 55
1 3858 3585 608.86 38752.64 1.20 2444 45
1 3858 3584 2962825.55 21999.52 4.24 4311 10
1 3846 3586 1175.89 38780.24 0.96 3705 40
1 3834 3585 727.29 38511.20 0.96 2523 40
1 3834 3584 3006037.88 22170.80 4.24 4347 10
1 3846 3586 1092.38 38534.40 0.96 3686 40
1 3858 3585 646.17 38753.04 4.64 2538 35
1 3858 3584 3049117.05 21999.84 4.24 4311 10
1 3846 3586 1205.95 38780.24 0.96 3704 40
1 3834 3585 723.04 38511.04 44.40 2522 90
1 3834 3584 3092042.38 21815.92 4.24 4275 10
1 3846 3586 1132.73 38536.00 1.20 3683 50
1 3846 3585 612.56 38752.64 0.72 2540 25
1 3858 3584 3136060.24 21265.04 5.92 4167 46
1 3846 3586 1179.08 38780.24 0.96 3707 40
1 3846 3585 705.72 38511.20 0.96 2523 40
1 3834 3584 3180552.10 22170.64 22.00 4347 15
1 3846 3586 1075.33 38534.00 1.20 3686 50
1 3846 3585 710.95 38514.80 0.96 2458 30
1 3858 3584 3223672.29 21999.52 4.24 4311 10
1 3846 3586 1211.86 38779.44 0.96 3705 45
1 3846 3585 694.90 38872.16 0.96 2330 40
1 3834 3584 3266678.73 21815.52 2.24 4275 15
1 3846 3586 1115.63 38535.60 1.20 3683 45
1 3846 3585 628.85 38630.72 0.72 2197 20
1 3858 3584 3309520.17 21265.04 4.24 4167 10
1 3846 3586 1163.11 38779.44 1.20 3705 50
1 3846 3585 714.11 38510.40 0.96 2076 25
1 3834 3584 3355203.87 22170.40 4.24 4347 10
1 3846 3586 1089.32 38535.04 48.56 3686 59
1 3834 3585 769.64 38749.84 0.96 2006 40
1 3858 3584 3402818.19 19427.76 19.76 3807 41
1 3846 3586 1186.96 38779.44 1.20 3705 50
1 3858 3585 685.93 38266.16 0.96 1910 40
1 3834 3584 3448345.37 21264.96 0.00 4167 5
1 3846 3586 1104.99 38535.60 1.20 3683 50
1 3834 3585 623.43 38987.52 47.68 1936 103
1 3858 3584 3495318.08 21264.48 4.24 4167 10
1 3846 3586 1199.40 38779.44 1.20 3703 50
1 3858 3585 650.64 38625.92 0.96 1990 35
1 3834 3584 3539587.38 20701.12 4.08 4059 10
1 3846 3586 1079.00 38534.80 1.20 3686 50
1 3834 3585 616.90 38626.32 0.96 1909 30
1 3858 3584 3586993.11 20529.84 2.32 4023 220
1 3846 3586 1166.33 38778.64 1.20 3706 50
1 3858 3585 715.74 38507.20 0.96 1903 40
1 3834 3584 3533106.85 20897.04 4.56 4095 262
1 3846 3586 1095.99 38535.20 1.20 3683 50
1 3834 3585 642.33 38506.80 0.72 1902 25
1 3858 3584 3468388.49 21631.92 4.80 4239 257
1 3846 3586 1185.66 38659.92 1.20 3692 50
1 3858 3585 747.84 38508.40 0.96 1897 35
1 3834 3584 3474482.42 20332.80 2.72 3987 146
1 3846 3586 1075.97 38655.52 1.20 3697 50
1 3846 3585 673.63 38988.48 0.96 1913 35
1 3858 3584 3490799.50 20529.44 4.80 4023 257
1 3846 3586 1196.40 38659.52 1.20 3695 50
1 3846 3585 738.27 38265.76 0.96 1894 35
1 3834 3584 3514223.93 19794.72 3.92 3879 252
1 3846 3586 1252.25 38658.56 48.56 3691 59
1 3834 3585 820.36 38749.44 0.48 1905 20
1 3858 3584 3545845.73 18692.88 0.24 3663 15
1 3846 3586 1199.65 38658.72 1.20 3692 50
1 3858 3585 660.60 38745.84 0.96 1994 40
1 3834 3584 3571055.50 20883.84 4.56 4095 247
1 3846 3586 1077.21 38655.92 1.20 3697 50
1 3834 3585 649.13 38747.28 47.92 1895 113
1 3858 3584 3589416.60 20162.32 2.56 3951 151
1 3846 3586 1213.38 38659.52 1.20 3694 50
1 3858 3585 706.20 38507.60 0.96 1902 35
1 3834 3584 3603812.92 20897.04 4.56 4095 262
1 3846 3586 1098.99 38656.32 1.20 3694 50
1 3834 3585 612.28 38746.24 0.96 1931 30
1 5644 3584 3618183.94 21264.24 41.52 4167 380
1 3846 3586 1252.74 38658.72 1.20 3692 55
1 3858 3585 782.79 38265.76 0.96 1891 35
1 5752 3584 3645237.15 19781.20 7.36 3879 464
1 3846 3586 1112.39 38656.72 1.20 3696 45
1 3834 3585 643.74 38986.88 0.96 1910 45
1 5788 3584 3673283.62 19794.72 5.52 3879 353
1 3846 3586 1194.50 38659.52 1.20 3694 50
1 3858 3585 705.54 38506.00 1.20 1907 40
1 5752 3584 3696666.15 20161.92 0.24 3951 131
1 3846 3586 1090.52 38656.32 1.20 3694 50
1 3834 3585 672.89 38508.40 0.96 1903 30
1 5788 3584 3726929.49 15796.48 14.08 3096 371
1 3846 3586 1516.75 38660.72 1.20 3688 40
1 3858 3585 869.24 38508.00 0.96 1880 35
1 5752 3584 0.00 0.00 0.00 0 0
1 3846 3586 1077.89 38656.56 48.16 3696 72
1 3834 3585 1045.32 38338.80 0.96 1859 35
1 5776 3584 0.00 0.00 0.00 0 0
1 3846 3586 1184.75 38657.92 0.96 3695 40
1 3858 3585 1029.97 39163.68 0.96 1906 40
1 5764 3584 0.00 0.00 0.00 0 0
1 3846 3586 3682.70 36015.28 1.20 3437 45
1 5740 3585 5120.51 44268.48 0.48 2130 20
1 5788 3584 4125724.05 8179.68 16.16 1602 36
1 3846 3586 3260.73 41308.16 1.20 3937 50
1 5776 3585 13584.31 70932.40 47.92 3443 138
1 5752 3584 4139659.70 13424.00 1.84 2655 5
1 3846 3586 1089.77 38656.32 1.20 3697 50
1 5764 3585 1294.09 58500.72 0.96 3130 40
1 5776 3584 4186759.24 15840.00 60.88 3105 124
1 3846 3586 1198.35 38659.12 1.20 3694 50
1 5776 3585 805.38 57772.00 0.96 3300 50
1 5764 3584 4189205.49 21999.36 4.08 4311 10
1 3846 3586 1086.10 38656.72 1.20 3694 50
1 5764 3585 962.88 57775.60 0.96 3325 40
1 5788 3584 4183107.12 20573.44 4.24 4032 10
1 3846 3586 1171.83 38657.92 1.20 3694 50
1 5776 3585 956.49 57413.44 0.96 3274 40
1 5752 3584 4201350.93 19317.52 6.48 3789 20
1 3846 3586 1132.64 38657.12 1.20 3697 50
1 5764 3585 1019.36 58496.72 0.96 3337 40
1 5776 3584 4222611.40 20389.44 4.24 3996 10
1 5213 3586 7980.33 41926.48 1.20 3994 50
1 5776 3585 849.46 58133.36 0.96 3322 45
1 5764 3584 4239503.61 21999.60 4.24 4311 10
1 5764 3586 31885.01 43239.36 48.56 4114 59
1 5764 3585 1584.08 57779.20 0.96 3296 35
1 5776 3584 4233591.28 18088.00 1.84 3546 5
1 5776 3586 57184.63 43239.36 1.20 4114 50
1 5776 3585 903.63 58134.96 0.96 3317 40
1 5764 3584 4220109.46 21803.20 4.24 4275 10
1 5764 3586 82514.55 43566.40 1.20 4148 50
1 5764 3585 907.32 57773.04 47.92 3300 146
1 5776 3584 4162442.33 21999.84 4.24 4311 10
1 5776 3586 108433.75 42882.00 1.20 4080 50
1 5776 3585 867.93 58134.56 0.96 3319 40
1 5764 3584 4202941.26 21264.96 1.84 4167 15
1 5764 3586 134223.40 42882.00 1.20 4080 50
1 5764 3585 2285.11 57538.56 0.96 3284 35
1 5776 3584 4216827.53 17435.20 26.56 3438 67
1 5776 3586 159625.95 43239.44 1.20 4114 50
1 5776 3585 1159.26 58017.04 0.96 3303 45
1 5764 3584 4247074.72 18539.44 24.56 3636 51
1 5764 3586 185897.98 42850.48 1.20 4080 50
1 5752 3585 2632.82 58505.92 0.96 3312 35
1 5776 3584 4265945.30 14921.52 1.84 2925 10
1 5776 3586 219968.91 38232.80 1.20 3638 40
1 5788 3585 1109.72 54166.00 0.72 3083 30
1 5764 3584 4300218.84 16149.36 1.84 3249 20
1 5764 3586 245389.36 43239.36 1.20 4114 50
1 5752 3585 3571.49 61754.96 0.96 3524 30
1 5776 3584 4319816.19 16393.52 6.16 3528 10
1 5776 3586 271089.53 42881.76 1.20 4080 50
1 5788 3585 853.46 57772.80 0.72 3299 35
1 5764 3584 4331871.44 18782.16 4.24 4347 10
1 5764 3586 296662.70 43565.68 51.28 4148 63
1 5752 3585 1268.95 58138.96 0.96 3307 25
1 5776 3584 4352367.65 16495.12 4.24 3816 10
1 5776 3586 321954.20 43239.36 45.60 4114 48
1 5788 3585 976.00 57775.20 0.96 3292 30
1 5764 3584 4396608.61 16845.20 4.24 3897 10
1 5764 3586 347252.77 43239.60 1.20 4114 50
1 5752 3585 932.47 57412.08 47.92 3310 103
1 5776 3584 4389763.63 18052.24 4.24 4176 10
1 5776 3586 372554.71 43239.60 1.20 4114 50
1 5788 3585 954.84 58497.92 0.96 3337 30
1 5764 3584 4343247.10 17536.56 4.24 4059 10
1 5752 3586 397894.45 43566.40 1.20 4148 50
1 5752 3585 977.37 58056.72 0.96 3302 30
1 5776 3584 4393205.98 17429.36 23.04 4032 47
1 5788 3586 424842.94 42166.80 1.20 4012 45
1 5788 3585 2053.02 57857.44 0.96 3286 30
1 5764 3584 4457359.50 15561.20 5.84 3600 14
1 5764 3586 450351.15 43239.12 1.20 4114 50
1 5752 3585 894.96 58056.32 0.72 3339 25
1 5776 3584 4394521.77 17896.48 4.24 4140 10
1 5776 3586 476033.18 42882.00 1.20 4080 50
1 5788 3585 1854.15 57855.04 0.96 3294 35
1 5764 3584 4443088.92 16329.12 4.24 3780 15
1 5764 3586 501527.28 43209.04 1.20 4114 50
1 5752 3585 987.44 57412.24 0.96 3269 35
1 5776 3584 4493729.63 17546.32 5.84 4059 20
1 5776 3586 527478.25 43239.60 1.20 4114 50
1 5788 3585 1285.44 54575.12 0.72 3107 25
1 5764 3584 4536446.50 14198.08 1.84 3285 10
1 5764 3586 554557.38 42166.56 48.16 4012 73
1 5752 3585 2380.82 61705.60 0.96 3529 40
1 5776 3584 4586704.55 14353.60 4.08 3321 10
1 5776 3586 579898.36 43239.60 1.20 4114 50
1 5788 3585 1558.79 58139.36 0.96 3306 40
1 5764 3584 4638676.16 16280.80 4.24 3789 10
1 5764 3586 606037.13 42851.20 1.20 4080 50
1 5752 3585 914.16 57773.04 47.92 3290 146
1 5776 3584 4669699.06 17702.56 4.24 4095 10
1 5776 3586 632094.54 42882.00 1.20 4080 50
1 5788 3585 1005.45 58136.96 0.72 3291 35
1 5764 3584 4691205.24 15647.92 0.00 3618 5
1 5764 3586 657932.55 42882.00 1.20 4080 50
1 5752 3585 1028.83 57775.20 0.96 3325 35
1 5776 3584 4708285.93 17391.04 4.24 4023 10
1 5776 3586 684801.16 42524.40 1.20 4046 50
1 5788 3585 864.54 58135.36 0.96 3318 40
1 5764 3584 4717571.87 18781.68 3.92 4347 338
1 5764 3586 711033.02 41777.92 0.96 3978 45
1 5752 3585 1784.49 57778.40 0.96 3285 35
1 5776 3584 4732348.90 14771.92 4.32 3438 15
1 5776 3586 738563.86 43239.20 1.20 4114 45
1 5788 3585 1660.13 57417.04 0.72 3240 30
1 5764 3584 4759902.42 15259.76 2.08 3528 131
1 5764 3586 763857.08 43239.36 1.20 4114 50
1 5764 3585 979.39 58495.92 0.96 3364 30
1 5776 3584 4710407.40 17701.36 4.32 4095 252
1 5776 3586 789384.22 42882.00 1.20 4080 50
1 5776 3585 839.25 58134.16 0.96 3319 35
1 5764 3584 4751355.82 18158.72 4.80 4203 257
1 5764 3586 815116.42 43566.16 48.56 4148 59
1 5752 3585 1345.77 57774.80 0.96 3287 40
1 5776 3584 4787960.70 16806.16 2.56 3888 151
1 5776 3586 840794.78 42881.92 1.20 4080 50
1 5788 3585 1603.72 58139.36 0.96 3304 35
1 5764 3584 4819304.86 16494.64 4.32 3816 257
1 5752 3586 866321.45 43239.60 1.20 4114 50
1 5752 3585 913.59 57772.64 47.68 3329 136
1 5776 3584 4839571.21 18791.68 4.40 4347 262
1 5788 3586 891627.78 43239.60 1.20 4114 50
1 5788 3585 958.95 58136.16 0.96 3314 45
1 5764 3584 4852806.97 17691.84 2.80 4095 156
1 5752 3586 917174.62 43208.88 1.20 4114 50
1 5752 3585 972.62 57775.20 1.20 3273 60
1 5776 3584 4866059.11 17390.56 4.16 4023 257
1 5788 3586 942832.00 43239.60 1.20 4114 50
1 5788 3585 943.78 58136.96 0.72 3312 40
1 5764 3584 4838094.76 16698.56 40.88 3861 481
1 5752 3586 968132.51 43239.12 1.20 4114 50
1 5752 3585 1066.60 57774.80 0.96 3320 30
1 5776 3584 4841218.29 16806.08 13.44 3888 291
1 5788 3586 994284.98 41094.08 0.96 3910 25
1 5788 3585 1155.09 57826.16 0.96 3264 35
1 5764 3584 4878908.00 1401.36 0.00 324 0
1 5764 3586 1022511.42 43208.64 1.20 4114 50
1 5752 3585 1751.21 56177.44 0.96 3194 35
1 5776 3584 0.00 0.00 0.00 0 0
1 5776 3586 1048373.57 43239.60 1.20 4114 50
1 5788 3585 1379.67 59741.52 0.96 3369 40
1 5764 3584 0.00 0.00 0.00 0 0
1 5752 3586 1073647.25 42881.84 1.20 4080 50
1 5752 3585 1285.48 58090.00 0.72 3291 30
1 5776 3584 0.00 0.00 0.00 0 0
1 5788 3586 1107348.08 37548.56 1.20 3570 50
1 5788 3585 1200.49 57777.60 0.96 3287 35
1 5764 3584 4992131.06 14781.60 5.36 3420 21
1 5752 3586 1134734.48 43566.40 48.16 4148 72
1 5752 3585 931.85 58133.20 47.92 3300 113
1 5776 3584 4909229.15 18013.60 4.24 4167 10
1 5788 3586 1159991.72 43239.44 1.20 4114 50
1 5788 3585 820.52 57412.24 0.96 3278 35
1 5764 3584 4899774.95 18051.76 4.24 4176 15
1 5752 3586 1186379.90 42524.40 1.20 4046 50
1 5752 3585 1845.41 58500.72 0.96 3353 35
1 5777 3584 4885130.21 16650.64 44.80 3852 88
1 5788 3586 1211831.19 43239.60 1.20 4114 50
1 5788 3585 1211.69 58137.76 0.96 3310 35
1 5764 3584 4897361.59 16018.32 4.24 3708 10
1 5752 3586 1237287.10 43208.80 1.20 4114 50
1 5752 3585 898.56 58131.76 0.96 3302 35
1 5776 3584 4916120.36 18480.88 4.24 4275 10
1 5788 3586 1263498.29 42881.36 0.96 4080 40
1 5788 3585 857.95 57774.80 0.96 3299 35
1 5764 3584 4938859.74 18481.12 4.24 4275 10
1 5752 3586 1289000.50 43239.36 1.20 4114 50
1 5752 3585 895.71 57772.00 0.72 3317 25
1 5776 3584 4930271.70 18636.32 6.48 4311 20
1 5788 3586 1314309.38 43239.36 1.20 4114 50
1 5788 3585 919.34 58136.56 0.96 3314 30
1 5764 3584 4939525.53 18159.20 4.24 4203 10
1 5752 3586 1339648.15 43566.40 1.20 4148 50
1 5752 3585 1126.52 57774.40 0.96 3295 35
1 5776 3584 4960310.47 18013.84 4.24 4167 10
1 5788 3586 1365305.62 42882.00 1.20 4080 50
1 5788 3585 2237.14 58144.96 0.96 3271 25
1 5764 3584 4978590.34 14090.96 1.84 3258 5
1 5752 3586 1390842.68 43239.04 48.16 4114 77
1 5752 3585 1064.05 57773.44 47.92 3326 145
1 5776 3584 4998279.61 18013.68 4.24 4167 10
1 5788 3586 1416590.88 42881.76 1.20 4080 50
1 5788 3585 886.78 58136.56 0.96 3314 40
1 5764 3584 5016993.63 18159.04 4.24 4203 10
1 5752 3586 1442115.48 43566.40 1.20 4148 50
1 5752 3585 923.61 57771.60 0.96 3291 40
1 5776 3584 5029582.43 18014.16 4.24 4167 15
1 5788 3586 1467367.56 43239.60 1.20 4114 50
1 5788 3585 1245.48 57416.64 0.72 3271 35
1 5764 3584 5067541.34 18051.04 49.60 4176 595
1 5752 3586 1492666.75 43239.60 1.20 4114 50
1 5752 3585 945.53 58495.52 0.96 3353 30
1 5764 3584 5031807.85 18012.88 7.36 4167 464
1 5788 3586 1517949.87 43239.20 0.96 4114 40
1 5788 3585 1022.45 58138.16 0.96 3309 40
1 5776 3584 5035735.95 16328.64 3.68 3780 291
1 5752 3586 1543341.28 43566.24 1.20 4148 50
1 5752 3585 1085.39 56817.12 0.96 3218 40
1 5776 3584 5032213.25 2452.56 0.00 567 85
1 5788 3586 1568604.71 43239.60 1.20 4114 50
1 5788 3585 1592.98 58787.44 0.96 3311 40
1 5764 3584 0.00 0.00 0.00 0 0
1 5752 3586 1594139.88 42881.84 1.20 4080 50
1 5752 3585 1584.03 57820.08 0.72 3266 30
1 5764 3584 0.00 0.00 0.00 0 0
1 5788 3586 1619832.71 43239.36 1.20 4114 50
1 5788 3585 1249.54 58098.08 0.96 3280 40
1 5776 3584 0.00 0.00 0.00 0 0
1 5752 3586 1658695.41 32837.68 47.92 3128 67
1 5752 3585 2186.60 58092.80 0.96 3300 40
1 5764 3584 5453094.72 13536.16 5.36 3132 21
1 5788 3586 1688977.83 43239.44 1.20 4114 50
1 5788 3585 912.62 57896.96 47.92 3308 141
1 5776 3584 5429756.83 18636.40 4.24 4311 10
1 5752 3586 1714223.42 43239.84 1.20 4114 50
1 5752 3585 887.44 58012.24 0.96 3320 40
1 5764 3584 5421407.93 18636.16 4.24 4311 15
1 5788 3586 1740865.70 41808.96 1.20 3978 50
1 5788 3585 851.53 57774.40 0.96 3298 40
1 5776 3584 5421984.94 17574.72 44.80 4068 93
1 5752 3586 1767370.56 43566.48 1.20 4148 50
1 5752 3585 892.26 58132.56 0.96 3323 45
1 5764 3584 5417620.31 18792.40 6.64 4347 10
1 5788 3586 1792589.71 43239.12 1.20 4114 50
1 5788 3585 859.02 57898.24 0.96 3310 40
1 5776 3584 5410686.69 18636.40 4.24 4311 10
1 5752 3586 1818388.99 42881.76 1.20 4080 50
1 5752 3585 909.28 58008.72 0.96 3320 35
1 5764 3584 5391405.45 19497.84 4.24 4131 10
1 5788 3586 1843792.50 42524.16 1.20 4046 50
1 5788 3585 891.25 57895.12 0.96 3301 35
1 5776 3584 5365147.46 21561.36 2.24 4275 10
1 5752 3586 1858934.22 43566.40 1.20 4148 50
1 5752 3585 887.86 58012.64 0.96 3316 40
1 5764 3584 5348236.17 23282.56 6.08 4275 20
1 5788 3586 1857528.47 43239.60 1.20 4114 50
1 5788 3585 930.59 57895.52 0.72 3307 35
1 5777 3584 5296173.64 24958.64 6.64 4167 10
1 5752 3586 1858765.49 43239.44 1.20 4114 50
1 5752 3585 938.11 58374.24 48.16 3336 141
1 5764 3584 5247689.10 25399.36 1.84 3987 10
1 5788 3586 1859173.39 43239.60 1.20 4114 50
1 5788 3585 889.15 57414.24 0.96 3215 40
1 5776 3584 5161262.17 29562.88 4.24 4275 10
1 5752 3586 1859016.27 43565.84 95.52 4148 106
1 5752 3585 1329.65 58137.76 0.96 3084 40
1 5764 3584 5050380.47 22566.96 1.84 3096 5
1 5788 3586 1859002.24 43239.60 1.20 4114 50
1 5788 3585 1191.82 57779.20 0.72 2961 35
1 5776 3584 5045221.91 26871.20 1.68 3645 210
1 5752 3586 1857099.99 43239.60 1.20 4114 50
1 5752 3585 2368.07 58141.76 0.96 2997 30
1 5764 3584 5065053.25 17111.76 9.28 2322 126
1 5788 3586 1859130.64 43239.12 1.20 4114 50
1 5788 3585 1155.95 57415.84 0.96 2947 40
1 5776 3584 5001996.75 19601.68 1.84 2682 116
1 5752 3586 1859098.41 43566.40 1.20 4148 50
1 5752 3585 1805.42 58501.52 0.96 2992 35
1 5764 3584 5014921.30 20543.28 0.00 2916 10
1 5776 3586 1856815.52 43239.60 1.20 4114 50
1 5788 3585 1919.35 57899.92 0.72 2961 35
1 5776 3584 5006542.72 18174.00 0.00 2754 338
1 5764 3586 1859425.01 42166.80 1.20 4012 45
1 5752 3585 1056.12 58007.76 1.20 2967 50
1 5752 3584 0.00 0.00 0.00 0 0
1 5776 3586 1836606.41 43239.60 1.20 4114 50
1 5788 3585 1136.31 57996.88 0.96 2960 40
1 5788 3584 0.00 0.00 0.00 0 0
1 5764 3586 1836199.86 43208.80 1.20 4114 50
1 5752 3585 1127.94 56464.32 47.92 2883 146
1 5752 3584 0.00 0.00 0.00 0 0
1 5788 3586 1839648.07 31469.36 0.96 2992 35
1 5788 3585 1900.87 59478.32 0.72 3024 35
1 5788 3584 5378714.09 8892.16 2.64 1458 10
1 5752 3586 1862016.67 42524.40 1.20 4046 50
1 5752 3585 911.92 57893.52 0.96 2992 35
1 7597 3584 5346673.17 21631.12 4.24 3708 10
1 5764 3586 1862286.88 43239.60 1.20 4114 50
1 5788 3585 1149.43 57899.52 0.96 2948 35
1 7717 3584 5336575.80 17891.20 52.64 3357 105
1 5776 3586 1863549.38 42850.48 95.52 4080 92
1 5752 3585 1150.53 58016.64 0.96 3110 40
1 7669 3584 5357794.10 14192.08 1.84 2862 5
1 5764 3586 1861491.80 43239.12 1.20 4114 50
1 5788 3585 878.13 57893.52 0.96 3306 50
1 7717 3584 5360385.87 18972.32 4.24 4095 10
1 5776 3586 1862117.95 43239.44 1.20 4114 50
1 5752 3585 886.28 58014.24 0.96 3316 40
1 7669 3584 5349639.99 17890.08 4.24 4311 15
1 5764 3586 1861470.42 43239.60 1.20 4114 50
1 5788 3585 917.05 57776.00 0.96 3293 40
1 7717 3584 5323922.75 15856.56 6.48 4167 15
1 5776 3586 1862063.20 43209.04 1.20 4114 50
1 5752 3585 1413.51 58137.76 0.96 3310 40
1 7669 3584 5032412.53 14488.88 4.24 3933 10
1 5764 3586 1862291.94 43239.44 1.20 4114 50
1 5848 3585 916.03 58377.20 0.96 3327 40
1 7717 3584 4921230.09 15882.16 4.24 4311 10
1 5776 3586 1862243.39 43239.60 1.20 4114 50
1 7681 3585 3843.70 74070.96 0.72 4193 30
1 7669 3584 4932784.18 15218.64 4.24 4131 10
1 5764 3586 1862285.65 43239.60 1.20 4114 50
1 7705 3585 6556.04 75536.16 47.92 4248 146
1 7717 3584 4949423.55 16140.00 4.24 4383 15
1 5776 3586 1862376.55 43566.40 1.20 4148 50
1 7681 3585 8687.34 76180.24 0.96 4284 40
1 7669 3584 4964742.54 15881.20 8.48 4311 15
1 5764 3586 1862798.48 42881.76 1.20 4080 50
1 7705 3585 9440.79 76180.48 0.96 4284 40
1 7717 3584 4964062.71 14820.48 4.24 4023 10
1 5776 3586 1863049.62 43239.36 1.20 4114 50
1 7681 3585 10733.89 77013.36 0.72 4356 30
1 7669 3584 4970345.81 15882.24 20.40 4311 44
1 5764 3586 1863235.87 42881.76 1.20 4080 50
1 7705 3585 12132.89 76180.16 0.96 4284 40
1 7718 3584 4985807.40 15343.68 4.24 4167 10
1 5776 3586 1865511.86 41420.32 0.96 3944 40
1 7681 3585 14120.29 73603.92 0.96 4140 40
1 7669 3584 5000847.53 14953.76 4.24 4059 10
1 7046 3586 1865978.94 43238.96 95.52 4114 92
1 7705 3585 17551.63 75536.16 0.96 4248 35
1 7717 3584 5037885.73 15350.64 6.48 4167 20
1 7693 3586 1866309.82 43239.36 48.16 4114 84
1 7681 3585 21861.87 73793.44 0.72 4176 30
1 7669 3584 5049498.46 13626.80 4.24 3699 10
1 7693 3586 1865816.14 43239.68 48.16 4114 83
1 7705 3585 25920.97 73604.40 0.96 4140 25
1 7717 3584 5062646.00 15476.40 0.00 4203 5
1 7693 3586 1850782.06 43566.64 1.20 4148 50
1 7681 3585 29675.62 75535.92 0.96 4248 35
1 7669 3584 5070954.95 15484.00 4.24 4203 10
1 7693 3586 1838735.63 41259.84 1.20 3944 50
1 7705 3585 30975.32 76824.08 47.92 4320 101
1 7717 3584 5080910.71 14820.72 1.84 4023 10
1 7693 3586 1841257.00 42882.00 1.20 4080 50
1 7681 3585 31314.88 77657.20 0.72 4392 25
1 7669 3584 5089780.87 15882.24 4.24 4311 10
1 7693 3586 1840543.41 43239.44 1.20 4114 50
1 7705 3585 32492.75 75536.40 0.96 4248 35
1 7717 3584 5101787.64 16007.28 4.08 4347 10
1 7693 3586 1840516.21 43566.40 1.20 4148 50
1 7681 3585 34964.78 74248.16 0.96 4176 35
1 7669 3584 5126694.55 14555.28 6.08 3951 242
1 7693 3586 1840337.91 43239.60 1.20 4114 50
1 7693 3585 38431.07 75536.40 0.72 4248 30
1 7717 3584 5172555.74 15483.60 28.40 4203 356
1 7693 3586 1843968.21 41093.60 1.20 3910 50
1 7693 3585 42728.49 71860.72 0.96 4068 25
1 7669 3584 5192876.40 14147.36 5.52 3861 348
1 7693 3586 1845310.74 41808.96 1.20 3978 50
1 7705 3585 50580.93 66280.24 0.72 3708 35
1 7718 3584 5182775.72 14007.20 5.52 3825 407
1 7693 3586 1849894.25 41420.56 1.20 3944 40
1 7681 3585 69792.60 66280.40 0.96 3708 35
1 7669 3584 4773460.15 2521.20 0.00 684 85
1 7693 3586 1853045.14 42881.60 48.16 4080 72
1 7693 3585 81698.04 66924.40 0.96 3744 35
1 7717 3584 0.00 0.00 0.00 0 0
1 7693 3586 1853567.19 43239.20 48.16 4114 72
1 7693 3585 93326.35 69449.20 0.96 3888 30
1 7669 3584 0.00 0.00 0.00 0 0
1 7693 3586 1853699.21 43239.60 1.20 4114 50
1 7693 3585 103664.59 69500.16 47.92 3888 138
1 7717 3584 5162810.00 132.72 0.00 36 0
1 7693 3586 1889609.02 24644.16 0.72 2346 25
1 7693 3585 115222.10 67808.08 0.96 3816 30
1 7669 3584 5177322.36 11708.96 2.08 3177 20
1 7693 3586 1896413.37 43239.60 1.20 4114 50
1 7705 3585 121203.21 76824.32 0.96 4320 40
1 7717 3584 5190738.49 16014.72 86.80 4347 155
1 7693 3586 1896673.03 43239.60 1.20 4114 50
1 7681 3585 121621.13 77013.12 0.72 4356 25
1 7669 3584 5203891.56 15882.24 22.24 4311 15
1 7693 3586 1892585.54 43239.60 1.20 4114 50
1 7693 3585 123638.86 75536.40 0.96 4248 40
1 7717 3584 5217862.73 16007.52 4.24 4347 10
1 7693 3586 1892289.78 43565.76 1.20 4148 50
1 7693 3585 124982.36 76180.08 0.96 4284 40
1 7669 3584 5230899.29 15218.56 4.24 4131 10
1 7681 3586 1894368.36 40902.32 1.20 3910 50
1 7693 3585 127752.76 74247.92 0.72 4176 30
1 7717 3584 5246021.56 13792.16 4.24 3744 10
1 7705 3586 1898350.39 43239.60 1.20 4114 50
1 7693 3585 138921.13 55281.36 0.72 3096 25
1 7669 3584 5268042.54 13393.60 2.24 3636 10
1 7681 3586 1898127.80 43239.44 1.20 4114 50
1 7681 3585 160148.47 74248.24 0.96 4176 40
1 7717 3584 5304290.61 14812.80 4.24 4023 15
1 7705 3586 1894571.81 43566.40 1.20 4148 50
1 7705 3585 163971.17 73604.16 0.96 4140 35
1 7669 3584 5344915.62 14854.00 0.00 4032 5
1 7681 3586 1893208.17 43239.60 1.20 4114 50
1 7681 3585 177670.02 65876.32 47.92 3708 136
1 7717 3584 5359121.63 12763.52 4.24 3465 10
1 7705 3586 1892999.05 42524.24 1.20 4046 50
1 7705 3585 182515.02 76368.88 0.96 4320 40
1 7669 3584 5394071.28 14322.88 1.84 3888 10
1 7681 3586 1894814.83 41809.20 48.16 3978 67
1 7693 3585 188334.08 68452.48 0.72 3852 30
1 7705 3584 5430554.95 12723.04 4.24 3456 10
1 7705 3586 1897715.12 43208.80 1.20 4114 50
1 7693 3585 196130.02 74248.24 0.96 4176 35
1 7681 3584 5468043.45 14953.44 2.08 4059 210
1 7681 3586 1895559.69 43239.60 1.20 4114 50
1 7693 3585 199779.14 74892.08 0.96 4212 40
1 7718 3584 5514719.16 15350.40 30.88 4167 438
1 7705 3586 1894531.69 41808.40 1.20 3978 40
1 7693 3585 202872.66 72909.12 0.96 4104 35
1 7670 3584 5522856.68 3549.68 0.00 963 85
1 7681 3586 1892586.46 43239.60 1.20 4114 50
1 7681 3585 211386.91 70144.00 0.96 3924 40
1 7717 3584 0.00 0.00 0.00 0 0
1 7705 3586 1888405.75 43566.40 1.20 4148 50
1 7705 3585 219454.30 71432.08 0.96 3996 40
1 7669 3584 0.00 0.00 0.00 0 0
1 7681 3586 1887623.69 43239.60 1.20 4114 50
1 7681 3585 228397.48 69500.24 0.96 3888 35
1 7693 3584 0.00 0.00 0.00 0 0
1 7705 3586 1920791.75 25882.88 0.72 2482 25
1 7705 3585 242141.22 68692.48 0.72 3888 30
1 7693 3584 5945425.14 11966.72 5.36 3249 21
1 7681 3586 1903758.28 43239.36 1.20 4114 50
1 7681 3585 247254.14 74248.00 47.92 4176 133
1 7693 3584 5993441.59 14813.04 5.92 4023 20
1 7705 3586 1883991.20 43566.40 1.20 4148 50
1 7705 3585 249992.44 75536.40 0.96 4248 35
1 7694 3584 6049001.89 15351.36 6.64 4167 10
1 7681 3586 1884586.13 42882.00 1.20 4080 50
1 7681 3585 252109.46 75536.16 0.96 4248 40
1 7693 3584 6066755.34 15351.12 4.24 4167 10
1 7705 3586 1884985.15 43239.28 48.16 4114 72
1 7705 3585 254504.82 76369.36 0.72 4320 30
1 7693 3584 6115545.19 15351.68 43.12 4167 88
1 7681 3586 1884790.27 43239.36 1.20 4114 50
1 7669 3585 255844.37 76180.16 0.96 4284 35
1 7693 3584 6169341.57 16007.52 4.24 4347 10
1 7705 3586 1882224.00 43565.92 1.20 4148 50
1 7717 3585 258084.76 71672.40 0.96 4032 40
1 7693 3584 6227863.82 15351.20 4.24 4167 10
1 7681 3586 1879396.96 43239.36 1.20 4114 50
1 7681 3585 264882.07 74891.84 0.72 4212 40
1 7693 3584 6145435.28 14953.68 4.24 4059 10
1 7705 3586 1879552.40 42881.76 1.20 4080 50
1 7705 3585 267956.09 75081.12 0.96 4248 25
1 7693 3584 6219470.38 15085.92 6.48 4095 20
1 7681 3586 1880190.07 43239.60 1.20 4114 50
1 7681 3585 271650.65 74248.32 0.96 4176 35
1 7693 3584 5771175.66 15609.36 4.24 4239 10
1 7705 3586 1880316.02 43566.64 1.20 4148 50
1 7705 3585 275903.36 72960.00 0.96 4104 35
1 7693 3584 5844093.26 14157.36 4.24 3843 10
1 7681 3586 1879330.01 43239.60 1.20 4114 50
1 7681 3585 280304.48 74892.24 47.92 4212 136
1 7693 3584 5921429.24 15749.28 4.24 4275 10
1 7705 3586 1878224.50 43239.36 1.20 4114 50
1 7705 3585 283052.22 76369.52 0.96 4320 30
1 7693 3584 5978744.87 15882.48 4.24 4311 15
1 7681 3586 1874924.92 43239.36 1.20 4114 50
1 7681 3585 286491.72 73604.32 0.96 4140 35
1 7693 3584 5993792.46 15475.92 4.64 4203 35
1 7705 3586 1874940.18 43208.80 1.20 4114 50
1 7705 3585 289208.53 75536.00 0.96 4248 35
1 7693 3584 6029299.37 15384.64 19.84 4176 51
1 7681 3586 1874395.30 43239.52 47.92 4114 67
1 7681 3585 290968.94 75536.40 0.96 4248 30
1 7693 3584 6031371.33 15889.92 19.60 4311 41
1 7705 3586 1872095.36 43239.36 1.20 4114 50
1 7705 3585 293108.22 76369.28 0.72 4320 25
1 7693 3584 6027736.00 16131.04 4.24 4140 10
1 7681 3586 1871921.78 43239.36 1.20 4114 50
1 7669 3585 298659.32 72960.32 0.96 4104 35
1 7693 3584 6041457.41 17748.24 6.08 4104 20
1 7705 3586 1866366.60 43566.40 1.20 4148 50
1 7717 3585 306599.10 67163.92 0.96 3780 40
1 7693 3584 6040814.61 17819.04 4.48 3699 10
1 7681 3586 1832770.60 43239.60 1.20 4114 50
1 7669 3585 312546.65 76824.00 0.96 4320 35
1 7693 3584 6008255.93 20945.28 4.24 4347 10
1 7705 3586 1832021.39 43239.60 1.20 4114 50
1 7717 3585 313947.57 75725.20 0.72 4284 30
1 7693 3584 5972686.19 20076.96 1.84 4167 10
1 7681 3586 1831847.59 43239.60 1.20 4114 50
1 7681 3585 318163.42 73603.92 47.92 4140 141
1 7693 3584 5947483.14 19545.68 4.24 4059 10
1 7705 3586 1833063.89 41778.16 1.20 3978 50
1 7705 3585 323417.98 65232.32 0.96 3672 35
1 7693 3584 5925787.73 16522.24 4.24 3429 10
1 7681 3586 1835173.57 43239.60 1.20 4114 50
1 7681 3585 340978.78 69740.40 0.72 3924 30
1 7693 3584 5920584.55 17992.64 4.24 3735 10
1 7705 3586 1835702.97 41809.20 1.20 3978 50
1 7705 3585 348570.85 70977.36 0.96 3996 35
1 7693 3584 5901978.62 17564.32 4.24 3645 10
1 7681 3586 1838622.38 43239.44 1.20 4114 50
1 7669 3585 357196.01 72960.16 0.96 4104 40
1 7693 3584 5888167.22 20012.80 19.60 4176 41
1 7705 3586 1838633.12 43566.16 48.16 4148 72
1 7717 3585 360928.75 73604.00 0.96 4140 40
1 7693 3584 5855144.41 20076.72 4.24 4167 15
1 7681 3586 1837639.46 43238.80 47.92 4114 67
1 7669 3585 367344.27 72960.32 0.96 4104 35
1 7693 3584 5764644.69 19903.36 8.48 4131 15
1 7705 3586 1837722.46 43239.36 1.20 4114 50
1 7717 3585 370449.92 76368.80 0.72 4320 30
1 7693 3584 5761381.62 20122.40 4.00 4176 15
1 7681 3586 1837790.38 43239.36 1.20 4114 50
1 7669 3585 372124.85 75536.40 0.96 4248 30
1 7693 3584 5750561.32 20935.04 4.24 4347 10
1 7705 3586 1837731.56 43566.40 1.20 4148 50
1 7717 3585 373067.09 76180.16 0.96 4284 35
1 7693 3584 5704003.22 20771.52 4.24 4311 10
1 7681 3586 1837618.52 43239.60 1.20 4114 50
1 7669 3585 376552.61 72316.00 47.92 4068 141
1 7693 3584 5695435.86 18733.68 1.84 3888 10
1 7705 3586 1837777.25 43239.60 1.20 4114 50
1 7717 3585 384786.42 66116.40 0.96 3744 35
1 7693 3584 5681976.42 16897.20 4.24 3528 10
1 7681 3586 1834706.73 43239.36 1.20 4114 50
1 7669 3585 398075.35 72960.32 0.96 4104 25
1 7693 3584 5682368.26 19719.52 4.08 4095 10
1 7705 3586 1837004.32 43566.40 1.20 4148 50
1 7717 3585 404669.82 67568.64 0.72 3780 30
1 7693 3584 5415009.47 16769.44 4.24 3501 10
1 7681 3586 1839409.57 40020.96 1.20 3808 50
1 7669 3585 419972.47 68452.08 0.96 3852 35
1 7693 3584 5201608.91 13570.00 1.84 2817 320
1 7705 3586 1844485.54 43239.60 1.20 4114 50
1 7717 3585 428297.18 70737.44 0.96 3960 35
1 7693 3584 0.00 0.00 0.00 0 0
1 7669 3586 1845277.18 42881.44 1.20 4080 50
1 7669 3585 437291.72 70144.24 0.96 3924 40
1 7693 3584 0.00 0.00 0.00 0 0
1 7717 3586 1845573.71 42850.80 1.20 4080 50
1 7717 3585 445705.77 71432.56 0.96 3996 40
1 7693 3584 0.00 0.00 0.00 0 0
1 7669 3586 1847613.27 35729.28 47.92 3400 62
1 7669 3585 456368.15 61771.92 0.96 3456 40
1 7693 3584 5592246.11 3947.44 0.24 819 10
1 7717 3586 1892158.46 29293.04 0.72 2788 25
1 7717 3585 476676.30 69285.12 0.72 3924 30
1 7693 3584 5605616.73 14749.44 1.84 3060 5
1 7669 3586 1894065.14 43239.36 1.20 4114 50
1 7669 3585 488755.47 65876.16 94.88 3708 163
1 7693 3584 5591485.41 19144.32 4.24 3996 10
1 7717 3586 1892447.52 43566.40 1.20 4148 50
1 7717 3585 497358.29 72960.32 0.96 4104 40
1 7693 3584 5557295.96 20122.96 4.08 4176 10
1 7669 3586 1891339.75 43239.60 1.20 4114 50
1 7669 3585 506003.11 70384.08 0.96 3960 40
1 7693 3584 5555952.47 16596.24 1.84 3465 5
1 7717 3586 1888266.28 43239.60 1.20 4114 50
1 7717 3585 511526.50 73149.36 0.72 4140 30
1 7693 3584 5432717.81 18907.28 4.24 3924 10
1 7669 3586 1889275.83 42881.76 1.20 4080 50
1 7669 3585 516284.94 75535.92 0.96 4248 35
1 7693 3584 5356765.84 20066.88 34.64 4167 70
1 7717 3586 1887747.49 43566.40 1.20 4148 50
1 7717 3585 520426.37 68452.48 0.96 3852 35
1 7693 3584 5412312.17 16869.52 4.24 3501 10
1 7669 3586 1889871.81 43239.12 1.20 4114 50
1 7669 3585 538327.67 63300.32 0.72 3564 30
1 7693 3584 5423681.50 16476.08 5.92 3420 20
1 7717 3586 1890874.79 42524.16 1.20 4046 50
1 7705 3585 552888.63 69929.20 0.96 3960 30
1 7694 3584 5400411.63 17344.56 6.48 3600 10
1 7669 3586 1891587.13 43239.36 1.20 4114 50
1 7681 3585 559630.65 72959.84 0.96 4104 40
1 7693 3584 5309123.53 19544.64 2.24 4059 10
1 7717 3586 1891622.81 43566.40 1.20 4148 50
1 7705 3585 565319.08 72960.32 0.96 4104 40
1 7693 3584 4960491.50 19034.88 1.84 3951 5
1 7669 3586 1892353.69 42882.00 1.20 4080 50
1 7681 3585 569506.32 74248.24 47.92 4176 146
1 7693 3584 4911594.33 19208.56 6.08 3987 20
1 7717 3586 1892452.97 43239.44 48.16 4114 72
1 7705 3585 575960.85 71217.20 0.72 4032 30
1 9443 3584 4896700.10 17043.28 4.24 3537 5
1 7669 3586 1892391.66 43239.60 1.20 4114 50
1 7681 3585 582728.93 71672.32 0.96 4032 35
1 9623 3584 4869981.02 20240.24 34.64 4203 70
1 7717 3586 1889916.94 43017.28 1.20 4114 50
1 7705 3585 589706.93 73604.16 0.96 4140 35
1 9611 3584 4846007.36 18733.76 4.08 3888 10
1 7669 3586 1887119.04 42524.40 1.20 4046 50
1 7681 3585 596129.29 71028.32 0.72 3996 30
1 9623 3584 4831904.87 17471.84 0.00 3627 5
1 7717 3586 1889420.86 41094.00 1.20 3910 50
1 7705 3585 606811.63 68641.28 0.96 3888 35
1 9611 3584 4824178.24 14703.92 1.84 3051 10
1 7669 3586 1892037.64 42881.76 1.20 4080 55
1 7681 3585 613859.51 68452.48 0.96 3852 35
1 9623 3584 4828105.59 16759.68 4.24 3501 10
1 7717 3586 1883050.40 42135.60 1.20 4012 45
1 7705 3585 626179.35 71672.00 0.96 4032 35
1 9611 3584 4827533.65 14937.12 0.00 3177 5
1 7669 3586 1844346.55 43239.60 1.20 4114 50
1 7681 3585 632971.14 66519.68 0.72 3744 40
1 9623 3584 4811802.67 14939.68 4.08 3537 15
1 7717 3586 1845084.26 43239.44 1.20 4114 50
1 9383 3585 650791.02 63299.92 0.96 3924 30
1 9611 3584 4822363.87 13665.60 4.08 3537 10
1 7669 3586 1844992.39 43239.36 1.20 4114 50
1 9611 3585 667830.50 68286.32 47.92 4320 146
1 9623 3584 4832864.37 15277.44 4.24 4203 10
1 7717 3586 1845057.95 43566.40 1.20 4148 50
1 9623 3585 678314.50 68858.88 0.96 4356 40
1 9611 3584 4869024.26 14954.80 4.24 4311 10
1 7669 3586 1844821.07 43239.60 1.20 4114 50
1 9611 3585 689838.38 68858.64 0.96 4356 40
1 9611 3584 4849712.51 14454.56 4.24 4167 15
1 7717 3586 1844918.75 42524.40 1.20 4046 50
1 9623 3585 700475.23 66743.04 0.72 4248 20
1 9623 3584 4842243.39 13521.20 6.08 3897 15
1 7669 3586 1848556.83 40378.56 1.20 3842 50
1 9611 3585 723879.89 58914.16 0.96 3708 35
1 9611 3584 4873423.75 11137.52 4.24 3213 15
1 7717 3586 1852582.90 43566.16 1.20 4148 50
1 9623 3585 737617.50 69431.20 0.96 4392 35
1 9623 3584 4891367.73 14954.40 6.24 4311 75
1 8640 3586 1852072.08 42166.40 48.16 4012 72
1 9611 3585 748692.80 65997.20 0.96 4176 35
1 9611 3584 4909421.09 14237.20 20.32 4104 360
1 9647 3586 1853609.79 42523.92 1.20 4046 50
1 9623 3585 781482.85 60804.80 0.72 3852 25
1 9623 3584 4940899.94 12145.44 1.84 3501 116
1 9587 3586 1854799.79 43239.36 1.20 4114 50
1 9611 3585 816999.31 67141.44 0.96 4248 35
1 9611 3584 4974010.45 14446.32 3.92 4167 358
1 9647 3586 1854533.17 43566.40 1.20 4148 50
1 9623 3585 845864.48 68286.08 0.72 4320 35
1 9623 3584 4980888.92 12111.76 13.84 3492 296
1 9587 3586 1854623.63 42524.40 1.20 4046 45
1 9611 3585 878430.65 61203.44 48.16 3852 138
1 9611 3584 0.00 0.00 0.00 0 0
1 9647 3586 1859369.09 40187.04 1.20 3842 50
1 9623 3585 913209.57 64597.04 0.72 4068 30
1 9623 3584 0.00 0.00 0.00 0 0
1 9587 3586 1863126.57 42881.84 1.20 4080 50
1 9611 3585 947676.35 62348.48 0.96 3924 40
1 9611 3584 0.00 0.00 0.00 0 0
1 9647 3586 1864679.94 31407.76 0.72 2992 30
1 9623 3585 982563.77 61204.00 0.96 3852 40
1 9623 3584 5405934.25 5926.24 16.16 1710 36
1 9587 3586 1901303.15 37159.92 0.96 3536 40
1 9611 3585 1024249.11 60099.68 0.96 3780 40
1 9611 3584 5406640.99 11703.84 1.84 3375 5
1 9647 3586 1897930.12 42881.76 1.20 4080 50
1 9623 3585 1054214.36 69032.48 0.72 4392 30
1 9623 3584 5445187.36 13954.56 4.08 4023 10
1 9587 3586 1894284.52 43239.36 1.20 4114 50
1 9611 3585 1082896.07 69431.20 0.96 4392 30
1 9611 3584 5469630.33 14821.76 4.24 4275 10
1 9647 3586 1894861.77 42850.72 48.16 4080 72
1 9623 3585 1110816.09 69431.20 0.96 4392 30
1 9623 3584 5476088.64 14579.76 37.04 4203 77
1 9587 3586 1896057.97 43239.04 48.16 4114 72
1 9611 3585 1138836.62 68286.56 0.96 4320 40
1 9599 3584 5503669.67 14329.20 6.48 4131 20
1 9647 3586 1896216.93 42882.00 48.16 4080 72
1 9623 3585 1167541.66 70177.12 0.72 4464 25
1 9635 3584 5519043.64 14955.04 4.24 4311 10
1 9587 3586 1896943.77 43239.36 48.16 4114 72
1 9611 3585 1182580.39 71443.44 0.96 4392 40
1 9599 3584 5527504.04 15072.08 4.24 4347 10
1 9635 3586 1896936.36 43566.16 1.20 4148 50
1 9623 3585 1175122.53 72766.24 47.92 4212 136
1 9635 3584 5562201.40 14454.56 4.24 4167 10
1 9599 3586 1895805.70 43239.60 1.20 4114 50
1 9611 3585 1165030.31 76284.40 0.96 4212 30
1 9611 3584 5591746.65 14955.12 4.24 4311 10
1 9647 3586 1892102.43 43239.60 1.20 4114 50
1 9623 3585 1140110.88 78361.28 0.96 4140 25
1 9623 3584 5620153.88 13612.72 4.24 3924 10
1 9587 3586 1888622.31 43239.60 1.20 4114 50
1 9611 3585 1122634.32 73156.16 0.96 3708 35
1 9587 3584 5659469.14 11479.60 1.84 3312 10
1 9623 3586 1888504.93 43208.64 1.20 4114 50
1 9623 3585 1099254.65 71010.56 0.72 3600 35
1 9647 3584 5690015.31 11828.88 4.24 3411 10
1 9611 3586 1888334.27 42882.00 1.20 4080 50
1 9611 3585 1082523.41 78878.00 0.96 3996 40
1 9587 3584 5755598.04 12362.32 1.84 3564 10
1 9623 3586 1887212.38 43239.04 1.20 4114 50
1 9623 3585 1064581.61 79797.52 0.96 4068 25
1 9647 3584 5774590.32 13954.56 18.72 4023 41
1 9611 3586 1887970.85 40736.40 1.20 3876 50
1 9611 3585 1054091.48 75302.00 0.96 3816 40
1 9587 3584 5800059.95 8394.56 1.84 2421 319
1 9647 3586 1896804.36 41420.56 1.20 3944 50
1 9623 3585 1047891.52 75036.40 0.96 3780 35
1 9647 3584 0.00 0.00 0.00 0 0
1 9587 3586 1893065.38 42882.00 1.20 4080 50
1 9611 3585 1036697.27 77896.72 2.56 3924 132
1 9587 3584 0.00 0.00 0.00 0 0
1 9623 3586 1889601.86 43239.60 1.20 4114 50
1 9623 3585 1020583.19 78551.04 46.08 3960 25
1 9647 3584 0.00 0.00 0.00 0 0
1 9611 3586 1885104.24 31080.40 47.68 2958 52
1 9611 3585 1019782.02 71725.76 0.96 3636 40
1 9587 3584 6212218.88 5927.04 0.24 1710 10
1 9623 3586 1889302.25 36937.84 1.20 3536 45
1 9623 3585 1032305.85 67434.56 0.96 3420 40
1 9647 3584 6268524.24 9106.08 1.84 2646 5
1 9611 3586 1890510.55 43239.36 1.20 4114 50
1 9611 3585 1036734.95 71010.56 0.72 3600 30
1 9587 3584 6290733.18 10678.56 1.68 3078 5
1 9623 3586 1889760.33 43239.36 1.20 4114 50
1 9623 3585 1040273.20 71930.48 0.96 3672 30
1 9647 3584 6337187.21 10710.96 4.24 3222 10
1 9611 3586 1890417.99 41809.20 1.20 3978 50
1 9611 3585 1044362.27 71725.76 0.96 3636 35
1 9587 3584 6395582.54 9697.28 1.84 3285 5
1 9623 3586 1891618.58 43565.92 1.20 4148 50
1 9623 3585 1050120.57 74586.80 0.96 3780 35
1 9647 3584 6418026.89 8264.56 1.84 3186 10
1 9611 3586 1891785.66 42524.32 1.20 4046 50
1 9599 3585 1054674.05 71010.80 0.72 3600 25
1 9587 3584 6505650.76 7619.92 6.08 3186 10
1 9623 3586 1893569.05 42524.40 1.20 4046 50
1 9635 3585 1072345.76 64151.28 0.96 3348 30
1 9647 3584 6539661.51 6925.84 0.00 2898 5
1 9611 3586 1893898.55 43239.60 1.20 4114 50
1 9599 3585 1078401.74 71797.12 47.92 3924 151
1 9587 3584 6589250.68 9526.80 4.24 3960 10
1 9623 3586 1894342.92 43208.88 1.20 4114 50
1 9635 3585 1086507.99 67931.12 0.72 3888 30
1 9647 3584 6248203.06 8664.80 4.24 3600 15
1 9611 3586 1894734.53 43239.60 1.20 4114 50
1 9611 3585 1106784.21 66293.12 0.96 4032 25
1 9587 3584 6302145.06 9358.80 8.48 3888 15
1 9623 3586 1894703.71 43239.60 1.20 4114 50
1 9623 3585 1118090.49 70176.96 0.96 4464 35
1 9647 3584 6335305.93 10377.36 4.24 4311 10
1 9611 3586 1894029.59 43239.44 1.20 4114 50
1 9599 3585 1113408.78 68858.88 0.96 4356 40
1 9587 3584 6376612.36 10459.20 4.24 4347 10
1 9623 3586 1893315.71 43566.40 1.20 4148 50
1 9635 3585 1115576.34 68286.56 0.96 4320 40
1 9647 3584 6401662.00 10377.20 4.24 4311 10
1 9611 3586 1893365.80 43238.80 95.52 4114 92
1 9599 3585 1122864.31 67714.16 0.96 4284 40
1 9587 3584 6474048.65 10052.24 34.32 4176 70
1 9623 3586 1892268.82 43239.12 1.20 4114 50
1 9635 3585 1121913.54 70177.20 0.72 4464 25
1 9647 3584 6494930.63 10377.36 4.24 4311 10
1 9611 3586 1883868.97 42882.00 1.20 4080 50
1 9599 3585 1124724.85 69431.60 0.96 4392 40
1 9587 3584 6556933.98 10458.72 4.24 4347 10
1 9623 3586 1882937.67 43566.64 1.20 4148 50
1 9635 3585 1132767.77 69431.20 0.96 4392 35
1 9647 3584 6606303.64 10376.72 6.64 4311 20
1 9611 3586 1882901.61 42882.00 1.20 4080 50
1 9599 3585 1136449.75 69430.72 0.72 4392 130
1 9587 3584 6626977.21 10377.60 4.24 4311 10
1 9623 3586 1859028.12 43239.60 1.20 4114 50
1 9635 3585 1129736.32 70177.04 47.52 4464 25
1 9647 3584 6683314.87 10377.28 4.08 4311 10
1 9611 3586 1839696.48 43239.60 1.20 4114 50
1 9599 3585 1135614.70 69431.20 0.96 4392 35
1 9587 3584 6721436.84 10458.72 4.24 4347 10
1 9623 3586 1839793.96 43566.40 1.20 4148 50
1 9635 3585 1127863.67 69431.20 0.96 4392 35
1 9647 3584 6774679.47 10377.36 4.24 4311 15
1 9611 3586 1840217.12 42524.40 1.20 4046 50
1 9599 3585 1128112.92 71397.28 0.96 4392 40
1 9587 3584 6828087.98 10377.60 8.48 4311 15
1 9623 3586 1838885.86 42524.40 1.20 4046 50
1 9635 3585 1120717.40 76696.88 0.72 4464 25
1 9647 3584 6845273.41 10052.16 4.24 4176 10
1 9611 3586 1839790.57 43239.60 1.20 4114 50
1 9599 3585 1108665.21 78292.56 0.96 4320 35
1 9587 3584 6886970.08 10458.96 4.24 4347 10
1 9623 3586 1838175.78 43208.80 1.20 4114 50
1 9623 3585 1094235.04 78156.64 0.96 4104 35
1 9647 3584 6941341.87 10608.96 4.24 4167 10
1 9611 3586 1837115.46 43238.88 48.16 4114 72
1 9611 3585 1081091.37 73156.16 0.96 3708 35
1 9587 3584 6988715.04 9635.52 4.24 3510 10
1 9599 3586 1837310.21 43239.60 1.20 4114 50
1 9635 3585 1079672.49 72013.28 0.72 3996 25
1 9647 3584 7023524.69 9782.56 2.24 3564 15
1 9635 3586 1835247.65 43239.60 1.20 4114 50
1 9599 3585 1071647.91 76824.32 0.96 4320 45
1 9587 3584 7073564.74 11597.60 31.92 4203 125
1 9599 3586 1836466.79 43566.64 1.20 4148 50
1 9623 3585 1061740.06 77467.44 47.92 4356 146
1 9647 3584 7118367.62 11902.64 4.24 4311 10
1 9635 3586 1836381.23 43239.44 1.20 4114 50
1 9611 3585 1050424.04 76898.16 0.96 4248 35
1 9587 3584 7142325.12 11504.48 4.24 4167 10
1 9599 3586 1836856.24 42882.00 1.20 4080 50
1 9611 3585 1034782.03 80465.68 0.96 4248 30
1 9647 3584 7178762.75 10933.12 4.24 3960 10
1 9635 3586 1837305.85 43239.60 1.20 4114 50
1 9623 3585 1026186.06 73156.80 0.96 3708 35
1 9587 3584 7245800.68 8461.04 0.00 3087 5
1 9599 3586 1839138.05 42135.84 1.20 4012 50
1 9611 3585 1030562.96 70310.56 0.96 3744 40
1 9635 3584 7282009.28 8895.76 0.00 3222 5
1 9635 3586 1840344.03 43239.60 1.20 4114 50
1 9623 3585 1026057.57 77468.16 0.96 4356 40
1 9599 3584 7337335.67 11504.32 34.40 4167 70
1 9599 3586 1839748.64 43239.60 1.20 4114 50
1 9611 3585 1026081.08 78945.12 0.72 4464 30
1 9635 3584 7373030.30 11902.80 4.08 4311 15
1 9635 3586 1839418.13 43238.80 1.20 4114 50
1 9623 3585 1023723.36 77468.40 0.96 4356 35
1 9599 3584 7329904.63 11995.84 8.48 4347 15
1 9599 3586 1838890.97 43566.16 1.20 4148 50
1 9611 3585 1021291.37 78112.24 0.96 4392 40
1 9635 3584 7377472.67 11902.08 3.92 4311 15
1 9635 3586 1838834.20 43239.20 48.16 4114 72
1 9623 3585 1016025.36 78216.24 2.56 4320 146
1 9599 3584 7463966.57 11530.48 4.24 4176 10
1 9599 3586 1838975.76 43239.36 1.20 4114 50
1 9611 3585 1027849.39 64467.76 45.84 3600 30
1 9635 3584 7501357.60 9348.00 1.84 3384 10
1 9635 3586 1841275.72 42166.80 1.20 4012 50
1 9623 3585 1030856.07 77468.40 0.96 4356 35
1 9599 3584 7508132.61 11199.68 4.24 4059 10
1 9599 3586 1840117.40 43566.64 1.20 4148 50
1 9611 3585 1028608.31 77572.08 0.96 4284 35
1 9623 3584 7515324.06 11504.80 4.08 4167 10
1 9635 3586 1838407.19 43239.44 1.20 4114 50
1 9623 3585 1028830.81 78876.00 0.96 4356 35
1 9611 3584 7585549.63 11902.80 4.24 4311 10
1 9599 3586 1838007.68 43239.60 1.20 4114 50
1 9611 3585 1018857.29 79034.72 0.96 4392 25
1 9623 3584 7598039.75 11530.16 4.08 4176 10
1 9635 3586 1835867.38 42524.40 1.20 4046 50
1 9623 3585 1018409.64 71671.92 0.96 4032 35
1 9611 3584 7632378.77 11597.04 52.16 4203 551
1 9599 3586 1838918.26 43566.24 1.20 4148 50
1 9611 3585 1025871.38 72316.48 0.96 4068 30
1 9623 3584 7654324.69 11131.52 49.76 4032 422
1 9635 3586 1841335.55 41808.72 1.20 3978 50
1 9623 3585 1031753.08 72960.32 0.96 4104 35
1 9611 3584 7693491.69 9765.52 0.00 3537 5
1 9599 3586 1842218.67 42881.76 1.20 4080 50
1 9611 3585 1041650.90 71621.20 0.72 4032 30
1 9623 3584 7728237.93 10541.52 13.28 3816 201
1 9635 3586 1847373.00 41451.36 0.96 3944 40
1 9623 3585 1047500.96 72076.24 0.96 4032 40
1 9611 3584 7710809.70 2723.36 0.00 1008 85
1 9599 3586 1847178.61 43565.92 48.16 4148 72
1 9611 3585 1055949.10 68856.08 47.92 3852 146
1 9623 3584 0.00 0.00 0.00 0 0
1 9635 3586 1846587.60 43239.04 48.16 4114 72
1 9623 3585 1048055.06 68855.76 0.96 3852 40
1 9611 3584 0.00 0.00 0.00 0 0
1 9599 3586 1846299.65 43239.36 1.20 4114 50
1 9611 3585 1059595.67 72025.52 0.96 4032 35
1 9623 3584 8094843.00 99.44 0.00 36 0
1 9635 3586 1876441.06 26074.56 0.72 2482 30
1 9623 3585 1078575.46 62063.60 0.96 3492 35
1 9611 3584 8137987.71 9433.68 8.72 3420 32
1 9599 3586 1882649.57 43566.16 1.20 4148 50
1 9611 3585 1088047.73 75536.08 0.72 4248 30
1 9623 3584 8150272.11 11105.92 6.08 4023 10
1 9635 3586 1883366.50 42524.40 1.20 4046 50
1 9623 3585 1093112.81 69096.16 0.96 3888 30
1 9611 3584 8178808.86 10368.08 139.12 3753 180
1 9599 3586 1885546.05 42524.40 1.20 4046 50
1 9611 3585 1103184.18 73149.36 0.96 4140 30
1 9623 3584 8180938.99 9970.56 4.24 3609 10
1 9635 3586 1886016.15 43238.96 1.20 4114 50
1 9623 3585 1099397.63 78112.24 0.96 4392 40
1 9611 3584 8224241.26 11995.36 4.24 4347 10
1 9599 3586 1885920.75 43566.48 1.20 4148 50
1 9611 3585 1092629.73 77468.16 0.72 4356 30
1 9623 3584 8218290.22 11902.56 4.24 4311 10
1 9635 3586 1886098.60 43239.60 1.20 4114 50
1 9623 3585 1078328.08 78112.32 0.96 4392 35
1 9611 3584 8250013.97 11901.84 2.24 4311 10
1 9599 3586 1883580.19 43239.44 1.20 4114 50
1 9611 3585 1077988.68 78945.04 47.92 4464 136
1 11480 3584 8276534.95 11902.40 4.24 4311 10
1 9635 3586 1883582.30 43239.60 1.20 4114 50
1 9623 3585 1067414.16 77467.52 0.96 4356 40
1 11540 3584 8013139.61 11995.36 4.24 4347 15
1 9599 3586 1883494.57 43566.64 1.20 4148 50
1 9611 3585 1053625.99 78890.56 0.96 4356 30
1 11540 3584 7908867.10 11902.56 8.48 4311 15
1 9635 3586 1883586.27 43239.28 48.16 4114 72
1 9623 3585 1038577.66 79550.40 0.72 4392 35
1 11540 3584 7910121.75 11902.32 4.24 4311 10
1 9599 3586 1884916.70 42524.40 1.20 4046 50
1 9611 3585 1014645.94 79708.88 0.96 4428 25
1 11542 3584 7926770.51 11915.12 2.40 4311 15
1 9635 3586 1883668.47 43239.60 1.20 4114 50
1 9623 3585 1004917.01 78112.48 0.96 4392 35
1 11540 3584 7937530.93 13552.00 20.48 4347 66
1 9599 3586 1881038.21 43566.40 1.20 4148 50
1 9611 3585 993958.23 78112.32 0.96 4392 35
1 11540 3584 7948239.11 14962.40 4.24 4311 10
1 9635 3586 1879891.61 43238.88 1.20 4114 50
1 9623 3585 994748.80 78112.24 0.96 4392 40
1 11540 3584 7941938.81 15889.92 4.24 4311 10
1 9599 3586 1875423.19 42881.84 1.20 4080 50
1 11205 3585 991180.29 78945.12 0.72 4464 30
1 11540 3584 7921898.73 16812.48 4.24 4311 10
1 9635 3586 1876480.96 42166.56 1.20 4012 50
1 11552 3585 991519.07 78262.24 0.96 4320 40
1 11540 3584 7908331.04 18488.16 2.24 4275 10
1 9599 3586 1878795.59 43566.40 1.20 4148 50
1 11516 3585 986964.26 75887.92 47.92 3996 141
1 11540 3584 7866424.97 18386.48 4.24 3816 10
1 9635 3586 1869024.85 43239.60 1.20 4114 50
1 11564 3585 995585.73 67386.08 0.96 3384 35
1 11540 3584 7871182.27 12886.48 0.00 2547 5
1 9599 3586 1839978.05 43239.44 1.20 4114 50
1 11516 3585 1013356.11 70076.56 0.96 3456 30
1 11540 3584 7874647.11 12081.44 9.92 2367 5
1 9635 3586 1840650.03 42524.40 1.20 4046 50
1 11564 3585 1022161.09 73381.52 0.96 3636 35
1 11540 3584 7863851.34 13173.68 0.00 2628 5
1 9599 3586 1839008.97 43566.64 1.20 4148 50
1 11516 3585 1030557.90 71011.04 0.72 3600 30
1 11540 3584 7865312.41 12566.40 0.00 2628 5
1 10689 3586 1837300.78 43239.28 48.16 4114 72
1 11564 3585 1041379.45 66594.88 1.20 3600 35
1 11542 3584 7875443.44 12266.08 0.00 2862 10
1 11516 3586 1837261.95 43239.60 1.20 4114 50
1 11516 3585 1051632.44 78301.12 0.96 4428 40
1 11540 3584 7561915.27 16789.12 30.96 4311 61
1 11564 3586 1837382.01 43239.60 1.20 4114 50
1 11564 3585 1051602.68 76824.24 0.96 4320 35
1 11540 3584 7420727.94 15468.72 24.96 4203 57
1 11516 3586 1837785.84 43208.40 1.20 4114 50
1 11516 3585 1053944.74 78112.24 0.96 4392 40
1 11540 3584 7374829.36 14942.56 6.48 4311 10
1 11564 3586 1838966.17 42524.16 1.20 4046 50
1 11564 3585 1056880.03 77468.40 0.72 4356 35
1 11540 3584 7340922.68 12985.04 0.00 4167 10
1 11516 3586 1839666.76 43239.36 1.20 4114 50
1 11516 3585 1056083.77 78944.88 47.92 4464 136
1 11540 3584 7287296.44 13434.72 4.24 4311 10
1 11564 3586 1839783.90 43239.36 1.20 4114 50
1 11564 3585 1055536.41 78112.24 0.96 4392 35
1 11540 3584 7193248.23 13539.04 4.24 4347 10
1 11504 3586 1839112.45 43566.40 1.20 4148 50
1 11516 3585 1041055.15 76823.76 0.72 4320 35
1 11540 3584 7159144.60 13434.72 4.24 4311 10
1 11576 3586 1838754.76 42882.00 1.20 4080 50
1 11564 3585 1028594.82 76824.32 0.96 4320 35
1 11540 3584 7107893.86 13434.72 4.24 4311 10
1 11504 3586 1838873.86 43239.44 1.20 4114 50
1 11516 3585 1021833.08 78390.56 0.96 4356 25
1 11540 3584 7081630.17 12985.76 4.24 4167 10
1 11576 3586 1838951.31 43239.60 1.20 4114 50
1 11564 3585 1014970.19 78111.92 0.96 4392 35
1 11540 3584 7048557.03 13539.44 4.24 4347 15
1 11516 3586 1838792.81 43566.64 1.20 4148 50
1 11516 3585 1007205.63 78276.88 0.96 4320 35
1 11540 3584 7034437.36 13209.28 49.84 4239 595
1 11564 3586 1838062.90 43239.60 1.20 4114 50
1 11564 3585 1000384.57 78875.92 0.72 4356 30
1 11540 3584 6990265.57 13209.28 7.36 4239 464
1 11504 3586 1836590.30 43238.96 1.20 4114 50
1 11516 3585 998804.32 79708.64 0.96 4428 25
1 11540 3584 6956108.65 13097.04 3.68 4203 376
1 11576 3586 1835638.84 43239.60 48.16 4114 72
1 11552 3585 1003836.61 68856.16 3.20 3852 137
1 11540 3584 0.00 0.00 0.00 0 0
1 11504 3586 1835532.62 43566.40 1.20 4148 50
1 11528 3585 1013106.81 71415.04 45.68 3924 40
1 11540 3584 0.00 0.00 0.00 0 0
1 11576 3586 1835043.22 43239.60 1.20 4114 50
1 11564 3585 1017703.91 74117.20 0.96 3960 40
1 11540 3584 0.00 0.00 0.00 0 0
1 11504 3586 1834075.61 35729.60 0.96 3400 40
1 11516 3585 1024623.42 71612.56 0.72 3996 30
1 11540 3584 7339566.98 2777.60 5.36 891 21
1 11576 3586 1874349.10 32319.60 0.96 3094 35
1 11552 3585 1038650.68 69096.32 0.96 3888 40
1 11540 3584 7334385.71 9665.92 4.24 3105 10
1 11504 3586 1876983.42 43566.40 1.20 4148 50
1 11528 3585 1046560.40 73604.40 0.96 4140 40
1 11540 3584 7320456.63 12985.52 4.24 4167 10
1 11576 3586 1877310.67 43239.12 1.20 4114 50
1 11552 3585 1043504.94 78112.08 0.72 4392 35
1 11540 3584 7292842.71 13434.48 4.24 4311 10
1 11504 3586 1877138.05 43239.60 1.20 4114 50
1 11528 3585 1045345.28 76369.28 0.96 4320 30
1 11541 3584 7271941.46 12985.44 42.96 4167 88
1 11576 3586 1879066.72 41094.00 1.20 3910 50
1 11552 3585 1052930.61 65232.08 0.96 3672 35
1 11540 3584 7245589.12 10704.80 1.84 3438 5
1 11504 3586 1878166.03 43566.08 1.20 4148 50
1 11528 3585 1069610.81 71432.40 0.72 3996 35
1 11540 3584 7242178.01 11407.76 4.24 3681 10
1 11576 3586 1879759.86 43239.60 1.20 4114 50
1 11552 3585 1073543.16 78112.16 2.80 4392 146
1 11540 3584 7228792.21 12985.36 4.24 4167 10
1 11504 3586 1885985.80 39663.36 1.20 3774 50
1 11528 3585 1072446.38 77013.04 46.08 4356 25
1 11540 3584 7185491.13 12311.84 2.24 3951 15
1 11576 3586 1888009.42 43239.44 1.20 4114 50
1 11552 3585 1064514.63 77468.64 0.96 4356 35
1 11540 3584 7183497.92 13314.32 8.48 4275 15
1 11504 3586 1885997.41 43566.24 48.16 4148 72
1 11528 3585 1055403.22 78890.32 0.96 4356 40
1 11540 3584 7156914.52 12761.28 4.24 4095 10
1 11576 3586 1887227.73 43239.60 1.20 4114 50
1 11552 3585 1044680.07 79549.92 0.96 4392 40
1 11540 3584 7146279.36 13434.64 4.24 4311 10
1 11504 3586 1887094.71 43239.60 1.20 4114 50
1 11528 3585 1030263.80 79799.60 0.72 4428 30
1 11540 3584 7021957.01 12986.00 4.24 4167 10
1 11576 3586 1888171.88 42524.24 1.20 4046 50
1 11552 3585 1027008.56 67658.48 0.72 3600 35
1 11542 3584 7022215.96 10165.12 1.84 3285 10
1 11504 3586 1889511.94 43208.80 1.20 4114 50
1 11528 3585 1040409.92 67938.72 0.96 3672 30
1 11528 3584 7074014.04 11133.12 0.00 3573 5
1 11576 3586 1890802.51 42524.40 1.20 4046 50
1 11552 3585 1059382.52 56440.72 0.72 2844 30
1 11552 3584 7118363.23 6174.00 0.00 1980 5
1 11504 3586 1891322.16 43238.80 1.20 4114 50
1 11528 3585 1070709.48 69784.48 0.72 3564 30
1 11528 3584 7145490.89 8228.32 1.84 2727 224
1 11576 3586 1891342.80 43239.60 1.20 4114 50
1 11552 3585 1065232.59 72720.32 0.96 4068 40
1 11552 3584 0.00 0.00 0.00 0 0
1 11504 3586 1891251.99 43566.40 1.20 4148 50
1 11528 3585 1077179.31 68856.08 47.92 3852 146
1 11528 3584 0.00 0.00 0.00 0 0
1 11576 3586 1884013.48 43239.60 1.20 4114 50
1 11552 3585 1080351.07 71432.40 0.96 3996 40
1 11552 3584 0.00 0.00 0.00 0 0
1 11504 3586 1851992.53 31080.96 0.72 2958 30
1 11528 3585 1089163.34 70333.44 0.96 3960 35
1 11528 3584 7526441.67 4031.28 0.24 1674 10
1 11576 3586 1888337.94 38233.44 1.20 3638 45
1 11552 3585 1109274.19 63943.84 0.72 3600 35
1 11552 3584 7561822.79 7234.08 4.24 3006 10
1 11504 3586 1888850.37 43208.32 47.92 4114 67
1 11528 3585 1116358.00 75296.24 0.96 4212 40
1 11528 3584 7577882.95 9336.56 4.24 3879 10
1 11576 3586 1889158.37 43239.20 1.20 4114 50
1 11552 3585 1119809.47 78112.16 0.96 4392 35
1 11552 3584 7594355.30 10377.12 4.24 4311 10
1 11504 3586 1885931.69 43239.36 1.20 4114 50
1 11528 3585 1120470.06 77013.36 0.96 4356 35
1 11528 3584 7616394.42 9856.32 4.24 4095 10
1 11576 3586 1884174.46 43239.60 1.20 4114 50
1 11552 3585 1103991.72 76180.16 0.96 4284 40
1 11552 3584 7611880.24 10285.68 52.48 4275 105
1 11504 3586 1884223.97 43566.64 1.20 4148 55
1 11528 3585 1085173.95 76180.24 0.96 4284 40
1 11528 3584 7611510.50 10377.20 4.24 4311 15
1 11576 3586 1877932.50 42523.60 1.20 4046 45
1 11552 3585 1067925.45 77468.40 2.88 4356 140
1 11552 3584 7625975.58 9857.28 8.48 4095 15
1 11504 3586 1877572.90 43239.36 1.20 4114 50
1 11528 3585 1064368.76 78300.64 45.76 4428 30
1 11528 3584 7639742.70 9856.48 2.24 4095 10
1 11576 3586 1877623.12 43239.36 1.20 4114 50
1 11552 3585 1051213.13 77468.32 0.96 4356 25
1 11552 3584 7656005.90 10285.60 4.24 4275 10
1 11504 3586 1877663.71 43566.40 1.20 4148 50
1 11528 3585 1043737.46 76824.32 0.96 4320 30
1 11528 3584 7691688.14 10030.48 4.24 4167 10
1 11576 3586 1877611.62 43239.60 1.20 4114 50
1 11552 3585 1025589.93 76823.76 0.96 4320 30
1 11552 3584 7690153.19 10030.56 4.24 4167 10
1 11504 3586 1876662.72 43239.44 1.20 4114 50
1 11528 3585 1014588.14 77013.28 0.72 4356 25
1 11516 3584 7607826.20 9683.68 4.24 4023 15
1 11576 3586 1875136.43 43239.36 1.20 4114 50
1 11552 3585 1013384.91 76180.08 0.96 4284 30
1 11564 3584 7665353.64 10112.16 8.48 4203 15
1 11504 3586 1874195.15 43208.32 48.16 4114 72
1 11528 3585 1017678.73 73604.40 0.96 4140 25
1 11516 3584 7389901.07 9163.28 0.00 3807 5
1 11564 3586 1874332.95 43239.20 1.20 4114 50
1 11552 3585 1020468.44 74892.32 0.96 4212 30
1 11564 3584 7327156.06 9683.44 1.84 4023 5
1 11516 3586 1874660.51 42524.40 1.20 4046 50
1 11528 3585 1018308.26 77656.96 0.72 4392 20
1 11504 3584 7339189.51 10030.56 18.48 4167 39
1 11564 3586 1880445.77 41093.68 1.20 3910 50
1 11552 3585 1021098.93 73604.08 0.96 4140 35
1 11576 3584 7368780.28 8898.16 4.24 3699 10
1 11516 3586 1880954.07 43566.40 1.20 4148 50
1 11528 3585 1023959.25 76824.08 47.92 4320 146
1 11504 3584 7351376.22 10376.88 6.48 4311 20
1 11552 3586 1862139.80 43239.36 1.20 4114 50
1 11552 3585 1025739.19 74248.48 0.96 4176 35
1 11576 3584 7363980.88 9510.24 0.00 3951 5
1 11528 3586 1840034.59 43239.60 1.20 4114 50
1 11528 3585 1025276.74 77657.20 0.96 4392 30
1 11504 3584 7383391.74 9856.64 4.24 4095 10
1 11576 3586 1839905.36 43239.60 1.20 4114 50
1 11552 3585 1027718.36 74892.40 0.96 4212 35
1 11576 3584 7403845.38 9938.56 18.64 4131 73
1 11504 3586 1840430.21 43566.40 1.20 4148 50
1 11528 3585 1029092.11 76823.44 0.96 4320 40
1 11504 3584 7414820.96 10203.60 4.24 4239 10
1 11552 3586 1840506.55 43239.36 1.20 4114 50
1 11552 3585 1028513.62 76180.48 0.96 4284 35
1 11576 3584 7429326.97 10030.32 4.24 4167 10
1 11528 3586 1840448.97 42881.60 48.16 4080 72
1 11528 3585 1026617.26 76369.04 0.72 4320 30
1 11504 3584 7444118.27 9857.04 4.24 4095 10
1 11552 3586 1850258.91 39305.76 1.20 3740 50
1 11552 3585 1038845.20 59196.56 0.96 3312 35
1 11576 3584 7466169.41 7533.28 2.24 3150 187
1 11528 3586 1849462.18 43566.40 1.20 4148 50
1 11528 3585 1047923.01 73604.16 0.96 4140 40
1 11504 3584 7502832.76 8833.12 12.88 3690 252
1 11552 3586 1848800.70 43239.28 1.20 4114 50
1 11552 3585 1051761.14 75536.16 2.56 4248 138
1 11576 3584 7523300.63 10203.76 2.96 4239 151
1 11528 3586 1848720.55 43239.36 1.20 4114 50
1 11516 3585 1053425.29 75081.04 46.08 4248 30
1 11504 3584 7562721.22 9856.08 4.32 4095 247
1 11552 3586 1849169.40 42881.76 1.20 4080 50
1 11564 3585 1054634.99 74892.16 0.96 4212 30
1 11576 3584 7595445.39 9938.08 3.92 4131 242
1 11528 3586 1851100.26 42851.20 1.20 4080 50
1 11516 3585 1052649.84 78112.24 0.96 4392 35
1 11504 3584 7576756.62 10030.32 3.20 4167 156
1 11552 3586 1851525.25 42882.00 1.20 4080 50
1 11564 3585 1049597.67 76898.16 0.96 4248 40
1 11576 3584 7618213.36 9705.12 4.48 4032 247
1 11528 3586 1852313.32 43239.44 1.20 4114 50
1 11516 3585 1047987.93 73860.32 0.72 4140 25
1 11504 3584 7669605.07 9336.32 4.80 3879 257
1 11552 3586 1851453.56 43239.60 1.20 4114 50
1 11564 3585 1061538.03 66520.48 0.72 3744 30
1 11576 3584 7689259.55 8746.64 2.08 3636 131
1 11528 3586 1851143.80 43566.64 1.20 4148 50
1 11516 3585 1064471.92 77467.92 0.96 4356 40
1 11504 3584 7747588.66 10030.08 3.92 4167 242
1 11552 3586 1848008.62 43239.60 1.20 4114 50
1 11564 3585 1063090.09 76824.32 0.96 4320 35
1 11576 3584 7785059.93 10203.60 2.80 4239 151
1 11528 3586 1844411.80 43239.36 1.20 4114 50
1 11516 3585 1046548.59 76369.28 0.96 4320 25
1 11504 3584 7834766.86 9682.96 41.44 4023 380
1 11552 3586 1844700.81 43238.72 1.20 4114 50
1 11564 3585 1041057.50 74892.32 0.96 4212 35
1 11576 3584 7895035.66 10110.88 8.32 4203 464
1 11528 3586 1844612.52 43208.16 48.16 4114 72
1 11516 3585 1039969.26 74892.08 47.92 4212 146
1 11504 3584 7798172.02 9683.52 1.84 4023 121
1 11552 3586 1845454.29 43239.04 48.16 4114 72
1 11564 3585 1039784.92 76824.32 0.96 4320 40
1 11576 3584 7891291.13 9856.08 13.68 4095 327
1 11528 3586 1845400.23 43239.36 1.20 4114 50
1 11516 3585 1035778.15 73552.96 0.96 4140 30
1 11504 3584 7948404.21 2839.68 0.00 1179 85
1 11552 3586 1845599.79 43239.60 1.20 4114 50
1 11564 3585 1041804.86 72794.32 0.96 3996 40
1 11576 3584 0.00 0.00 0.00 0 0
1 11528 3586 1845602.70 43566.40 1.20 4148 50
1 11516 3585 1047057.38 73443.04 0.96 3924 45
1 11504 3584 0.00 0.00 0.00 0 0
1 11552 3586 1841676.49 43239.44 1.20 4114 50
1 11564 3585 1045643.84 74791.12 0.96 3996 40
1 11576 3584 0.00 0.00 0.00 0 0
1 11528 3586 1842094.40 22529.12 0.48 2142 20
1 11516 3585 1042219.72 69602.16 0.96 3744 35
1 11504 3584 8325905.47 5916.48 16.16 2457 36
1 11552 3586 1895426.72 37518.00 0.96 3570 35
1 11552 3585 1053693.18 69740.16 0.96 3924 30
1 11576 3584 8148002.78 8225.92 4.24 3420 10
1 11528 3586 1899699.44 41778.40 1.20 3978 50
1 11528 3585 1063413.55 71028.32 0.96 3996 40
1 11504 3584 8238881.93 8122.40 1.84 3375 5
1 11540 3586 1900578.65 43238.88 1.20 4114 50
1 11564 3585 1059592.45 76824.32 2.56 4320 146
1 11576 3584 8328781.90 9856.80 1.84 4095 5
1 11540 3586 1900814.36 43239.44 1.20 4114 50
1 11516 3585 1064849.45 71860.96 46.08 4068 30
1 1246 3584 8411596.61 3445.76 1.84 1431 10
1 11540 3586 1898608.80 43239.60 1.20 4114 50
1 11552 3585 1075479.59 66089.76 0.96 3816 30
1 719 3584 8519869.98 2861.36 0.00 1188 5
1 11540 3586 1903420.36 36056.80 1.20 3434 50
1 11528 3585 1091812.75 61417.76 0.96 3888 35
1 719 3584 8601990.33 1820.72 0.00 756 10
1 11528 3586 1915295.07 42166.64 1.20 4012 50
1 11564 3585 1107756.87 62920.88 0.96 3960 40
1 719 3584 0.00 0.00 0.00 0 0
1 11552 3586 1917361.46 43239.36 1.20 4114 50
1 11516 3585 1131655.08 51432.48 0.72 3240 20
1 707 3584 0.00 0.00 0.00 0 0
1 11528 3586 1917194.22 43238.96 48.16 4114 72
1 11552 3585 1159207.86 49796.24 0.72 3132 35
1 719 3584 0.00 0.00 0.00 0 0
1 11552 3586 1917267.40 43565.76 48.16 4148 72
2 0 3586 0.00 0.00 0.00 94 226
1 11528 3585 1196202.77 44073.04 0.96 2772 25
1 721 3584 0.00 0.00 0.00 0 0
1 11516 3586 1917147.26 43239.20 1.20 4114 50
2 0 3586 0.00 0.00 0.00 5 5
1 11121 3585 1232709.73 56624.64 0.96 3564 35
1 695 3584 0.00 0.00 0.00 0 0
1 5956 3586 1917869.00 43050.24 1.20 4096 50
2 5608 3586 8554.00 117.44 0.00 34 5
1 1210 3585 1251850.16 58300.72 0.72 3672 25
1 707 3584 0.00 0.00 0.00 0 0
1 0 3586 1917774.71 43050.72 1.20 4096 55
2 11540 3586 88506.50 117.36 0.00 34 5
1 719 3585 1270304.35 58914.08 0.72 3708 25
1 719 3584 0.00 0.00 0.00 0 0
1 0 3586 1922908.98 39192.64 1.20 3732 45
2 11540 3586 192193.17 908.80 0.00 304 5
1 719 3585 1294279.98 43349.20 47.68 2772 126
1 719 3584 0.00 0.00 0.00 0 0
1 0 3586 1927738.12 42840.80 1.20 4076 50
2 11516 3586 274444.00 175.84 0.00 68 5
1 719 3585 1327377.45 49509.68 0.72 3276 30
1 719 3584 0.00 0.00 0.00 0 0
1 0 3586 1928807.28 42882.00 1.20 4080 50
2 11564 3586 407420.50 162.88 0.00 68 5
1 707 3585 1350265.12 54296.48 0.96 3780 35
1 707 3584 0.00 0.00 0.00 0 0
1 0 3586 1929369.93 43050.48 1.20 4096 50
2 11552 3586 487337.00 81.52 0.00 34 5
1 707 3585 1399653.42 24658.80 0.96 3708 35
1 719 3584 0.00 0.00 0.00 0 0
1 0 3586 1930058.09 43377.12 1.20 4130 50
2 11528 3586 567278.50 81.44 0.00 34 5
1 719 3585 1474653.66 20895.20 0.96 3528 40
1 707 3584 0.00 0.00 0.00 0 0
1 0 3586 1917286.91 38904.24 0.96 3720 40
2 4338 3586 706564.81 672.16 0.00 304 5
1 719 3585 1551552.79 17724.80 0.72 3384 30
1 719 3584 0.00 0.00 0.00 0 0
1 0 3586 1879000.16 42692.64 1.20 4062 50
2 719 3586 812561.67 162.96 0.00 68 5
1 719 3585 1621214.93 18033.84 0.72 3744 30
1 719 3584 0.00 0.00 0.00 0 0
1 0 3586 1877720.71 43050.24 48.16 4096 72
2 707 3586 886570.50 81.44 0.00 34 5
1 719 3585 1709771.24 9101.68 0.48 3132 20
1 719 3584 0.00 0.00 0.00 0 0
1 0 3586 1877301.14 43377.28 1.20 4130 50
2 719 3586 966567.00 81.04 0.00 34 5
1 719 3585 1790943.38 17872.96 0.96 3708 30
1 719 3584 0.00 0.00 0.00 0 0
1 0 3586 1877520.42 42503.52 1.20 4044 50
2 707 3586 1098318.80 244.40 0.00 102 5
1 719 3585 1859305.51 16831.60 0.96 3492 25
1 719 3584 0.00 0.00 0.00 0 0
1 0 3586 1878995.09 43050.00 1.20 4096 50
2 719 3586 1206291.00 81.44 0.00 34 5
1 707 3585 1923151.74 17165.52 47.68 3564 122
1 239 3584 0.00 0.00 0.00 0 0
1 0 3586 1869313.54 43050.00 1.20 4096 50
2 707 3586 1286026.50 81.28 0.00 34 5
1 695 3585 2016695.21 11357.84 0.96 3852 30
1 0 3584 0.00 0.00 0.00 0 0
1 0 3586 1861478.43 43377.60 1.20 4130 50
2 719 3586 1365968.00 81.68 0.00 34 5
1 719 3585 2094572.09 18220.48 0.96 3780 40
1 0 3584 0.00 0.00 0.00 0 0
1 0 3586 1860580.77 42861.12 1.20 4078 50
2 719 3586 1485955.00 162.72 0.24 68 5
1 707 3585 2165468.33 13358.08 0.48 2772 20
1 0 3584 0.00 0.00 0.00 0 0
1 0 3586 1862077.74 43050.48 1.20 4096 50
2 719 3586 1605936.00 81.52 0.00 34 5
1 719 3585 2240715.80 17166.00 0.96 3564 35
1 0 3584 0.00 0.00 0.00 0 0
1 0 3586 1861136.36 43050.48 1.20 4096 50
2 719 3586 1685909.00 81.44 0.24 34 5
1 719 3585 2332566.49 10836.56 0.72 3780 35
1 0 3584 0.00 0.00 0.00 0 0
1 0 3586 1862522.01 43376.88 1.20 4130 50
2 707 3586 1765877.00 81.28 0.00 34 5
1 707 3585 2403398.05 17872.96 0.72 3708 30
1 0 3584 0.00 0.00 0.00 0 0
1 0 3586 1861396.48 4697.68 0.48 452 20
2 707 3586 1900176.09 8241.20 0.48 3440 30
1 719 3585 2474150.38 15788.96 0.72 3276 25
1 0 3584 0.00 0.00 0.00 0 0
1 0 3586 0.00 0.00 0.00 5 5
2 707 3586 1985190.67 9845.76 0.72 4109 30
1 263 3585 2545477.20 18858.72 0.96 3960 35
1 0 3584 0.00 0.00 0.00 0 0
1 0 3586 0.00 0.00 0.00 5 5
2 719 3586 2076538.17 9765.36 0.72 4075 30
1 0 3585 2621789.41 18632.80 0.48 3888 20
1 0 3584 0.00 0.00 0.00 0 0
1 0 3586 0.00 0.00 0.00 10 15
2 719 3586 2168137.33 9828.00 0.72 4104 30
1 0 3585 2691122.59 18980.08 47.92 3960 141
1 0 3584 0.00 0.00 0.00 0 0
1 0 3586 0.00 0.00 0.00 5 5
2 719 3586 2259478.45 9927.20 0.96 4143 40
1 0 3585 2764560.98 18568.00 0.72 3852 25
1 0 3584 0.00 0.00 0.00 0 0
1 0 3586 0.00 0.00 0.00 5 5
2 719 3586 2351478.70 9845.60 0.72 4109 25
1 0 3585 2833368.41 19553.28 0.48 4104 25
1 0 3584 0.00 0.00 0.00 0 0
1 0 3586 0.00 0.00 0.00 5 5
2 719 3586 2442974.92 9765.12 0.72 4075 30
1 0 3585 2893036.01 20369.44 0.96 4248 40
1 0 3584 0.00 0.00 0.00 0 0
1 0 3586 0.00 0.00 0.00 5 5
2 707 3586 2534263.69 9839.36 0.72 4109 30
1 0 3585 2954629.64 20369.36 0.96 4248 35
1 0 3584 0.00 0.00 0.00 0 0
1 0 3586 0.00 0.00 0.00 5 5
2 467 3586 2625787.61 9927.20 0.72 4143 25
1 0 3585 3014594.26 19262.08 0.72 3996 35
1 0 3584 0.00 0.00 0.00 0 0
1 0 3586 0.00 0.00 0.00 5 5
2 0 3586 2717681.33 9845.52 0.72 4109 30
1 0 3585 3075769.50 20594.56 0.72 4320 30
1 0 3584 0.00 0.00 0.00 0 0
1 0 3586 0.00 0.00 0.00 5 5
2 0 3586 2808906.73 9846.32 0.72 4109 50
1 0 3585 3139433.50 20022.16 0.96 4176 35
1 0 3584 0.00 0.00 0.00 0 0
1 0 3586 0.00 0.00 0.00 5 5
2 0 3586 2900364.98 9839.20 0.96 4109 40
1 0 3585 3192313.16 20369.68 0.96 4248 40
1 0 3584 0.00 0.00 0.00 0 0
1 0 3586 0.00 0.00 0.00 5 5
2 0 3586 2992178.67 9927.20 0.72 4143 30
1 0 3585 3245515.87 19609.36 0.48 4068 30
1 0 3584 0.00 0.00 0.00 0 0
1 0 3586 0.00 0.00 0.00 10 15
2 0 3586 3083630.06 9752.80 0.72 4070 30
1 0 3585 3303388.18 19900.08 48.16 4176 146
1 0 3584 0.00 0.00 0.00 0 0
1 0 3586 0.00 0.00 0.00 5 5
2 0 3586 3175207.82 9765.36 0.72 4075 30
1 0 3585 3369542.72 20369.44 0.96 4248 40
1 0 3584 0.00 0.00 0.00 0 0
1 0 3586 0.00 0.00 0.00 5 5
2 0 3586 3266939.35 9757.68 0.72 4075 30
1 0 3585 3346478.91 20369.44 0.72 4248 35
1 0 3584 0.00 0.00 0.00 0 0
1 0 3586 0.00 0.00 0.00 5 5
2 0 3586 3358042.29 9845.76 0.72 4109 30
1 0 3585 3172939.41 19327.04 0.96 4032 25
1 0 3584 0.00 0.00 0.00 0 0
1 0 3586 0.00 0.00 0.00 5 5
2 0 3586 3450045.07 9845.76 0.72 4109 40
1 0 3585 2999393.95 19900.32 0.96 4176 30
1 0 3584 0.00 0.00 0.00 0 0
1 0 3586 0.00 0.00 0.00 5 5
2 0 3586 3541361.16 9765.36 0.96 4075 35
1 0 3585 2829981.90 18980.08 0.72 3960 30
1 0 3584 0.00 0.00 0.00 0 0
1 0 3586 0.00 0.00 0.00 5 5
2 0 3586 3633104.24 9757.68 0.72 4075 35
1 0 3585 2655848.12 20369.68 0.96 4248 35
1 0 3584 0.00 0.00 0.00 0 0
1 0 3586 0.00 0.00 0.00 5 5
2 0 3586 3725143.04 9845.60 0.72 4109 40
1 0 3585 2474858.26 19956.64 0.72 4140 20
1 0 3584 0.00 0.00 0.00 0 0
1 0 3586 0.00 0.00 0.00 5 5
2 0 3586 3816355.78 9845.52 0.72 4109 30
1 0 3585 2294458.05 20247.84 0.96 4248 40
1 0 3584 0.00 0.00 0.00 0 0
1 0 3586 0.00 0.00 0.00 5 5
2 0 3586 3907798.57 9847.04 0.72 4109 30
1 0 3585 2158042.65 10088.32 47.68 2098 133
1 0 3584 0.00 0.00 0.00 0 0
1 0 3586 0.00 0.00 0.00 10 15
2 0 3586 3999323.98 9827.44 0.72 4104 35
1 0 3585 0.00 0.00 0.00 5 5
1 0 3584 0.00 0.00 0.00 0 0
1 0 3586 0.00 0.00 0.00 5 5
2 0 3586 4090976.34 9927.20 0.96 4143 30
1 0 3585 0.00 0.00 0.00 5 5
1 0 3584 0.00 0.00 0.00 0 0
1 0 3586 0.00 0.00 0.00 5 5
2 0 3586 4182797.56 9845.76 0.72 4109 25
1 0 3585 0.00 0.00 0.00 5 5
1 0 3584 0.00 0.00 0.00 0 0
1 0 3586 0.00 0.00 0.00 5 5
2 0 3586 4274479.05 10618.16 0.72 4109 30
1 0 3585 0.00 0.00 0.00 5 5
1 0 3584 0.00 0.00 0.00 0 0
1 0 3586 0.00 0.00 0.00 5 5
2 0 3586 4364583.80 11999.04 0.72 4109 35
1 0 3585 0.00 0.00 0.00 5 5
1 0 3584 0.00 0.00 0.00 0 0
1 0 3586 0.00 0.00 0.00 5 5
2 0 3586 4453533.83 13513.76 0.96 4143 40
1 0 3585 0.00 0.00 0.00 5 5
1 0 3584 0.00 0.00 0.00 0 0
1 0 3586 0.00 0.00 0.00 5 5
2 0 3586 4541320.13 14640.72 0.96 4109 40
1 0 3585 0.00 0.00 0.00 5 5
1 0 3584 0.00 0.00 0.00 0 0
1 0 3586 0.00 0.00 0.00 5 5
2 0 3586 4628194.36 15560.08 0.96 4109 45
1 0 3585 0.00 0.00 0.00 10 10
1 0 3584 0.00 0.00 0.00 0 0
1 0 3586 0.00 0.00 0.00 5 5
2 0 3586 4714484.82 16932.24 0.96 4109 35
1 0 3585 0.00 0.00 0.00 5 5
1 0 3584 0.00 0.00 0.00 0 0
1 0 3586 0.00 0.00 0.00 5 5
2 0 3586 4799126.09 18802.40 0.96 4143 40
1 0 3585 0.00 0.00 0.00 5 5
1 0 3584 0.00 0.00 0.00 0 0
1 0 3586 0.00 0.00 0.00 5 10
2 0 3586 4882484.66 20205.04 0.96 4109 40
1 0 3585 0.00 0.00 0.00 5 5
1 0 3584 0.00 0.00 0.00 0 0
1 0 3586 0.00 0.00 0.00 10 5
2 0 3586 4964235.33 21872.96 0.72 4104 35
1 0 3585 0.00 0.00 0.00 5 5
1 0 3584 0.00 0.00 0.00 0 0
1 0 3586 0.00 0.00 0.00 5 5
2 0 3586 5044331.92 23730.32 0.96 4109 35
1 0 3585 0.00 0.00 0.00 5 5
1 0 3584 0.00 0.00 0.00 0 0
1 0 3586 0.00 0.00 0.00 5 5
2 0 3586 5123058.77 25815.20 0.96 4143 40
1 0 3585 0.00 0.00 0.00 5 5
1 0 3584 0.00 0.00 0.00 0 0
1 0 3586 0.00 0.00 0.00 5 5
2 0 3586 5200244.00 27460.16 0.96 4109 40
1 0 3585 0.00 0.00 0.00 5 5
1 0 3584 0.00 0.00 0.00 0 0
1 0 3586 0.00 0.00 0.00 5 5
2 0 3586 5275709.65 29300.00 0.72 4109 35
1 0 3585 0.00 0.00 0.00 5 5
1 0 3584 0.00 0.00 0.00 0 0
1 0 3586 0.00 0.00 0.00 5 5
2 0 3586 5349519.45 30817.44 0.96 4109 35
1 0 3585 0.00 0.00 0.00 5 5
1 0 3584 0.00 0.00 0.00 0 0
1 0 3586 0.00 0.00 0.00 5 5
2 0 3586 5422250.89 32335.92 0.96 4143 40
1 0 3585 0.00 0.00 0.00 5 10
1 0 3584 0.00 0.00 0.00 0 0
1 0 3586 0.00 0.00 0.00 5 5
2 0 3586 5494201.66 33623.20 0.96 4109 35
1 0 3585 0.00 0.00 0.00 10 5
1 0 3584 0.00 0.00 0.00 0 0
1 0 3586 0.00 0.00 0.00 5 10
2 0 3586 5564231.42 35161.76 0.96 4075 40
1 0 3585 0.00 0.00 0.00 5 5
1 0 3584 0.00 0.00 0.00 0 0
1 0 3586 0.00 0.24 5.76 10 5
2 0 3586 5633285.27 37236.40 0.96 4070 40
1 0 3585 0.00 0.00 0.00 5 5
1 0 3584 0.00 0.00 0.00 0 0
1 0 3586 0.00 0.00 0.00 10 15
2 0 3586 5700122.00 39759.60 0.96 4104 40
1 0 3585 0.00 0.00 0.00 5 5
1 0 3584 0.00 0.00 0.00 0 0
1 0 3586 0.00 0.00 0.00 5 5
2 0 3586 5765259.71 40654.32 0.96 4041 40
1 0 3585 0.00 0.00 0.00 5 5
1 0 3584 0.00 0.00 0.00 0 0
1 0 3586 0.00 0.00 0.00 5 5
2 0 3586 5821371.85 41130.32 0.72 3973 35
1 0 3585 0.00 0.00 0.00 5 5
1 0 3584 0.00 0.00 0.00 0 0
1 0 3586 0.00 0.00 0.00 5 5
2 0 3586 4666183.96 42084.72 0.96 4007 35
1 0 3585 0.00 0.00 0.00 5 5
1 0 3584 0.00 0.00 0.00 0 0
1 0 3586 0.00 0.00 0.00 5 5
2 0 3586 4119786.82 24422.88 0.96 2322 40
1 0 3585 0.00 0.00 0.00 5 5
1 0 3584 0.00 0.00 0.00 0 0
1 0 3586 0.00 0.00 0.00 5 5
2 0 3586 0.00 0.00 0.00 5 5
1 0 3585 0.00 0.00 0.00 5 5
1 0 3584 0.00 0.00 0.00 0 0
1 0 3586 0.00 0.00 0.00 5 5
2 0 3586 0.00 0.00 0.00 5 5
1 0 3585 0.00 0.00 0.00 5 5
1 0 3584 0.00 0.00 0.00 0 0
1 0 3586 0.00 0.00 0.00 5 5
2 0 3586 0.00 0.00 0.00 10 10
1 0 3585 0.00 0.00 0.00 10 15
1 0 3584 0.00 0.00 0.00 0 0
1 0 3586 0.00 0.00 0.00 5 5
2 0 3586 0.00 0.00 0.00 5 5
1 0 3585 0.00 0.00 0.00 5 5
1 0 3584 0.00 0.00 0.00 0 0
1 0 3586 0.00 0.00 0.00 5 5
2 0 3586 0.00 0.00 0.00 5 5
1 0 3585 0.00 0.00 0.00 5 5
1 0 3584 0.00 0.00 0.00 0 0
1 0 3586 0.00 0.00 0.00 10 15
2 0 3586 0.00 0.00 0.00 5 5
1 0 3585 0.00 0.00 0.00 5 5
1 0 3584 0.00 0.00 0.00 0 0
1 0 3586 0.00 0.00 0.00 5 5
2 0 3586 0.00 0.00 0.00 5 5
1 0 3585 0.00 0.00 0.00 5 5
1 0 3584 0.00 0.00 0.00 0 0
1 0 3586 0.00 0.00 0.00 5 5
2 0 3586 0.00 0.00 0.00 5 5
1 0 3585 0.00 0.00 0.00 5 5
1 0 3584 0.00 0.00 0.00 0 0
1 0 3586 0.00 0.00 0.00 5 5
2 0 3586 0.00 0.00 0.00 5 5
1 0 3585 0.00 0.00 0.00 5 5
1 0 3584 0.00 0.00 0.00 0 0
1 0 3586 0.00 0.00 0.00 5 5
2 0 3586 0.00 0.00 0.00 5 5
1 0 3585 0.00 0.00 0.00 5 5
1 0 3584 0.00 0.00 0.00 0 0
1 0 3586 0.00 0.00 0.00 5 5
2 0 3586 0.00 0.00 0.00 5 5
1 0 3585 0.00 0.00 0.00 5 5
1 0 3584 0.00 0.00 0.00 0 0
1 0 3586 0.00 0.00 0.00 5 5
2 0 3586 0.00 0.00 0.00 5 5
1 0 3585 0.00 0.00 0.00 5 5
1 0 3584 0.00 0.00 0.00 0 0
1 0 3586 0.00 0.00 0.00 5 5
2 0 3586 0.00 0.00 0.00 10 15
1 0 3585 0.00 0.00 0.00 10 15
1 0 3584 0.00 0.00 0.00 0 0
1 0 3586 0.00 0.00 0.00 5 5
2 0 3586 0.00 0.00 0.00 5 5
1 0 3585 0.00 0.00 0.00 5 5
1 0 3584 0.00 0.00 0.00 0 0
1 0 3586 0.00 0.00 0.00 5 5
2 0 3586 0.00 0.00 0.00 5 5
1 0 3585 0.00 0.00 0.00 5 5
1 0 3584 0.00 0.00 0.00 0 0
1 0 3586 0.00 0.00 0.00 10 15
2 0 3586 0.00 0.00 0.00 5 5
1 0 3585 0.00 0.00 0.00 5 5
1 0 3584 0.00 0.00 0.00 0 0
1 0 3586 0.00 0.00 0.00 5 5
2 0 3586 0.00 0.00 0.00 5 5
1 0 3585 0.00 0.00 0.00 5 5
1 0 3584 0.00 0.00 0.00 0 0
1 0 3586 0.00 0.00 0.00 5 5
2 0 3586 0.00 0.00 0.00 5 5
1 0 3585 0.00 0.00 0.00 5 5
1 0 3584 0.00 0.00 0.00 0 0
1 0 3586 0.00 0.00 0.00 5 5
2 0 3586 0.00 0.00 0.00 5 5
1 0 3585 0.00 0.00 0.00 5 5
1 0 3584 0.00 0.00 0.00 0 0
1 0 3586 0.00 0.00 0.00 5 5
2 0 3586 0.00 0.00 0.00 5 5
1 0 3585 0.00 0.00 0.00 5 5
1 0 3584 0.00 0.00 0.00 0 0
1 0 3586 0.00 0.00 0.00 5 5
2 0 3586 0.00 0.00 0.00 5 5
1 0 3585 0.00 0.00 0.00 5 5
1 0 3584 0.00 0.00 0.00 0 0
1 0 3586 0.00 0.00 0.00 5 5
2 0 3586 0.00 0.00 0.00 5 5
1 0 3585 0.00 0.00 0.00 5 5
1 0 3584 0.00 0.00 0.00 0 0
1 0 3586 0.00 0.00 0.00 5 5
2 0 3586 0.00 0.00 0.00 10 15
1 0 3585 0.00 0.00 0.00 5 5
1 0 3584 0.00 0.00 0.00 0 0
1 0 3586 0.00 0.00 0.00 5 5
2 0 3586 0.00 0.00 0.00 5 5
1 0 3585 0.00 0.00 0.00 10 10
1 0 3584 0.00 0.00 0.00 0 0
1 0 3586 0.00 0.00 0.00 5 5
2 0 3586 0.00 0.00 0.00 5 5
1 0 3585 0.00 0.00 0.00 5 5
1 0 3584 0.00 0.00 0.00 0 0
1 0 3586 0.00 0.00 0.00 10 15
2 0 3586 0.00 0.00 0.00 5 5
1 0 3585 0.00 0.00 0.00 5 5
1 0 3584 0.00 0.00 0.00 0 0
1 0 3586 0.00 0.00 0.00 5 5
2 0 3586 0.00 0.00 0.00 5 5
1 0 3585 0.00 0.00 0.00 5 5
1 0 3584 0.00 0.00 0.00 0 0
1 0 3586 0.00 0.00 0.00 5 5
2 0 3586 0.00 0.00 0.00 5 5
1 0 3585 0.00 0.00 0.00 5 5
1 0 3584 0.00 0.00 0.00 0 0
1 0 3586 0.00 0.00 0.00 5 5
2 0 3586 0.00 0.00 0.00 5 5
1 0 3585 0.00 0.00 0.00 5 5
1 0 3584 0.00 0.00 0.00 0 0
1 0 3586 0.00 0.00 0.00 5 5
2 0 3586 0.00 0.00 0.00 5 5
1 0 3585 0.00 0.00 0.00 5 5
1 0 3584 0.00 0.00 0.00 0 0
1 0 3586 0.00 0.00 0.00 5 5
2 0 3586 0.00 0.00 0.00 5 5
1 0 3585 0.00 0.00 0.00 5 5
1 0 3584 0.00 0.00 0.00 0 0
1 0 3586 0.00 0.00 0.00 5 5
2 0 3586 0.00 0.00 0.00 5 5
1 0 3585 0.00 0.00 0.00 5 5
1 0 3584 0.00 0.00 0.00 0 0
1 0 3586 0.00 0.00 0.00 5 5
2 0 3586 0.00 0.00 0.00 10 15
1 0 3585 0.00 0.00 0.00 5 5
1 0 3584 0.00 0.00 0.00 0 0
1 0 3586 0.00 0.00 0.00 5 5
2 0 3586 0.00 0.00 0.00 5 5
1 0 3585 0.00 0.00 0.00 10 15
1 0 3584 0.00 0.00 0.00 0 0
1 0 3586 0.00 0.00 0.00 5 5
2 0 3586 0.00 0.00 0.00 5 5
1 0 3585 0.00 0.00 0.00 5 5
1 0 3584 0.00 0.00 0.00 0 0
1 0 3586 0.00 0.00 0.00 5 10
2 0 3586 0.00 0.00 0.00 5 5
1 0 3585 0.00 0.00 0.00 5 5
1 0 3584 0.00 0.00 0.00 0 0
1 0 3586 0.00 0.00 0.00 10 5
2 0 3586 0.00 0.00 0.00 5 5
