1 63808 3586 0.00 642536.48 14185.84 159636 59132
1 48773 3585 0.00 490175.68 4733.28 42798 10791
1 189164 3584 0.00 1901863.28 27685.52 271580 45925
1 0 3586 0.00 0.00 0.00 5 5
1 0 3585 0.00 0.00 0.00 10 15
1 0 3584 0.00 0.00 0.00 5 5
1 0 3586 0.00 0.00 0.00 5 5
1 0 3585 0.00 0.00 0.00 5 5
1 0 3584 14.50 10.08 4.32 15 25
1 0 3586 0.00 0.00 0.00 5 5
1 0 3585 0.00 0.00 0.00 5 5
1 0 3584 0.00 0.00 0.00 5 5
1 0 3586 0.00 0.00 0.00 5 5
1 0 3585 0.00 0.00 0.00 5 5
1 0 3584 0.00 0.00 0.00 5 5
1 0 3586 0.00 0.00 0.00 5 5
1 0 3585 0.00 0.00 0.00 5 5
1 0 3584 0.00 0.00 0.00 5 5
1 0 3586 0.00 0.00 0.00 10 15
1 0 3585 0.00 0.00 0.00 5 5
1 0 3584 0.00 0.00 0.00 5 5
1 0 3586 0.00 0.00 0.00 5 5
1 0 3585 0.00 0.00 0.00 5 5
1 95 3584 480.33 787.76 0.00 266 5
1 0 3586 0.00 0.00 0.00 5 5
1 0 3585 0.00 0.00 0.00 5 5
1 1917 3584 1173.27 19218.40 282.32 5351 280
1 0 3586 0.00 0.00 0.00 5 5
1 0 3585 0.00 0.00 0.00 5 5
1 1929 3584 1030.61 19401.12 1.20 5097 50
1 0 3586 0.00 0.00 0.00 5 5
1 0 3585 0.00 0.00 0.00 5 5
1 1917 3584 1012.01 19393.52 1.20 4661 50
1 0 3586 0.00 0.00 0.00 5 5
1 0 3585 0.00 0.00 0.00 5 5
1 1957 3584 862.30 19555.76 1.20 4291 50
1 0 3586 0.00 0.00 0.00 5 5
1 0 3585 0.00 0.00 0.00 10 10
1 1917 3584 777.32 19389.28 23.12 3899 67
1 0 3586 0.00 0.00 0.00 5 5
1 0 3585 0.00 0.00 0.00 5 5
1 1929 3584 695.41 19261.20 1.20 3614 50
1 0 3586 0.00 0.00 0.00 5 5
1 0 3585 0.00 0.00 0.00 5 5
1 1917 3584 673.65 19382.72 1.20 3439 50
1 0 3586 0.00 0.00 0.00 5 5
1 0 3585 0.00 0.00 0.00 5 5
1 1929 3584 692.01 19259.20 1.20 3128 50
1 0 3586 0.00 0.00 0.00 10 15
1 0 3585 0.00 0.00 0.00 5 5
1 1917 3584 597.01 19379.52 1.20 2911 50
1 0 3586 0.00 0.00 0.00 5 5
1 0 3585 0.00 0.00 0.00 5 5
1 1929 3584 651.47 19256.40 1.20 2766 50
1 0 3586 0.00 0.00 0.00 5 5
1 0 3585 0.00 0.00 0.00 5 5
1 1917 3584 555.82 19374.56 48.16 2625 84
1 0 3586 0.00 0.00 0.00 5 5
1 0 3585 0.00 0.00 0.00 5 5
1 1929 3584 630.68 19254.00 1.20 2554 50
1 0 3586 0.00 0.00 0.00 5 5
1 431 3585 980.43 3406.32 235.04 705 191
1 1917 3584 684.72 19010.32 0.96 2369 40
1 0 3586 0.00 0.00 0.00 5 5
1 1929 3585 2881.30 20313.20 48.16 3363 54
1 1929 3584 1208.64 19623.60 0.96 2315 45
1 0 3586 0.00 0.00 0.00 5 5
1 1917 3585 656.33 19259.20 1.20 2940 50
1 1917 3584 527.07 19374.32 1.20 2208 50
1 0 3586 0.00 0.00 0.00 5 5
1 1929 3585 605.31 19374.32 1.20 2756 50
1 1929 3584 561.53 19373.52 1.20 2163 50
1 0 3586 0.00 0.00 0.00 5 5
1 1917 3585 567.57 19254.80 1.20 2687 45
1 1917 3584 488.18 19253.20 1.20 2017 50
1 0 3586 0.00 0.00 0.00 5 5
1 1929 3585 554.06 19372.32 0.96 2312 45
1 1930 3584 573.96 19381.12 10.88 1990 45
1 0 3586 0.00 0.00 0.00 10 10
1 1917 3585 606.65 19254.00 0.96 2123 45
1 1917 3584 481.92 19253.20 1.20 1976 50
1 0 3586 0.00 0.00 0.00 5 5
1 1929 3585 551.37 19371.52 0.96 1956 45
1 1929 3584 570.01 19373.92 1.20 1982 50
1 0 3586 0.00 0.00 0.00 5 5
1 1917 3585 493.14 19251.60 0.96 1948 45
1 1917 3584 494.08 19253.84 48.16 2003 72
1 0 3586 0.00 0.00 0.00 5 5
1 1929 3585 546.24 19371.52 0.96 1738 45
1 1929 3584 640.25 19373.92 1.20 1946 50
1 0 3586 0.00 0.00 0.00 5 5
1 1917 3585 509.65 19251.44 47.92 1715 96
1 1919 3584 468.11 19278.80 14.80 2035 35
1 0 3586 0.00 0.00 0.00 5 5
1 1929 3585 576.30 19371.52 0.96 1479 45
1 1929 3584 577.89 19377.44 19.76 1946 35
1 0 3586 0.00 0.00 0.00 5 5
1 1917 3585 529.02 19131.68 0.96 1510 45
1 1917 3584 498.85 19253.20 1.20 1992 50
1 0 3586 0.00 0.00 0.00 5 5
1 1929 3585 564.72 19371.52 0.96 1317 45
1 1929 3584 566.51 19373.52 1.20 1964 50
1 311 3586 1419.28 2691.20 0.24 814 10
1 1917 3585 552.57 19371.52 0.96 1362 45
1 1917 3584 501.25 19012.96 1.20 2007 50
1 1917 3586 21988.88 13599.92 280.88 3800 257
1 1929 3585 1153.77 19132.48 1.20 1212 50
1 1929 3584 687.28 19614.56 0.96 1964 30
1 1929 3586 24775.35 22696.08 0.96 6015 45
1 1917 3585 812.18 19372.72 0.96 1271 35
1 1917 3584 713.79 19254.40 1.20 1923 50
1 1917 3586 6515.09 22134.88 0.96 5423 40
1 1929 3585 740.06 19371.52 1.20 1244 45
1 1929 3584 585.82 19373.52 1.20 1946 50
1 1929 3586 798.94 19389.12 0.96 4334 40
1 1917 3585 726.32 19372.72 1.20 1282 45
1 1917 3584 494.64 19253.44 47.92 1978 72
1 1917 3586 798.16 19266.00 0.96 3946 40
1 1929 3585 810.51 19251.20 1.20 1233 45
1 1929 3584 596.24 19253.20 1.20 1920 50
1 1929 3586 637.20 19381.52 0.96 3697 40
1 1917 3585 704.38 19372.32 1.20 1334 45
1 1917 3584 499.50 19012.56 0.96 1966 45
1 1917 3586 712.98 19259.60 0.96 3461 40
1 1929 3585 794.97 19251.44 48.16 1232 97
1 1929 3584 659.05 19614.96 1.20 1945 50
1 1929 3586 540.83 19379.12 0.96 3244 40
1 1917 3585 662.88 19372.32 1.20 1342 50
1 1917 3584 506.82 19132.88 0.96 2057 45
1 1917 3586 1122.90 19261.60 0.96 2909 40
1 1929 3585 715.01 19251.60 1.20 1294 50
1 1929 3584 594.53 19494.24 0.96 1938 40
1 1929 3586 1166.55 19384.72 0.96 2863 40
1 1917 3585 648.07 19371.52 1.20 1491 50
1 1917 3584 590.89 19374.32 1.44 1976 40
1 1917 3586 1672.88 19265.04 47.92 2815 83
1 1929 3585 806.02 19251.60 1.20 1404 50
1 1929 3584 653.91 19254.00 1.20 1907 50
1 1929 3586 1342.78 19193.84 0.96 2836 40
1 1917 3585 567.91 19371.92 1.20 1550 50
1 1917 3584 563.63 19373.92 0.96 2019 30
1 1917 3586 1765.22 19455.68 0.96 2868 40
1 1929 3585 617.48 19251.20 1.20 1456 50
1 1929 3584 607.21 19253.60 1.20 1914 50
1 1929 3586 1061.08 19382.72 0.96 2951 40
1 1917 3585 542.19 19371.92 1.20 1557 50
1 1917 3584 524.90 19374.16 48.16 2029 62
1 1917 3586 665.66 19259.20 0.96 3213 40
1 1929 3585 598.25 19251.20 1.20 1457 50
1 1929 3584 666.74 19373.92 1.20 1946 50
1 1929 3586 553.20 19379.52 0.96 3355 40
1 1917 3585 529.78 19371.76 48.16 1571 74
1 1917 3584 523.55 19253.20 1.20 2048 50
1 1917 3586 676.74 19260.00 0.96 3357 40
1 1929 3585 622.06 19251.20 1.20 1457 50
1 1929 3584 636.52 19253.60 1.20 1912 50
1 1929 3586 598.10 19379.92 0.96 3349 40
1 1917 3585 574.51 19371.92 1.20 1575 50
1 1917 3584 546.86 19374.32 1.20 2019 50
1 1917 3586 686.12 19260.00 0.96 3388 40
1 1929 3585 570.34 19251.60 1.20 1487 50
1 1929 3584 648.68 19253.20 1.20 1913 50
1 1929 3586 549.58 19259.20 0.96 3334 40
1 1917 3585 598.14 19371.52 1.20 1540 50
1 1917 3584 476.07 19373.52 1.20 2082 50
1 1917 3586 687.90 19380.56 47.92 3383 63
1 1929 3585 607.55 19251.20 1.20 1456 45
1 1929 3584 574.25 19253.60 1.20 1914 50
1 1929 3586 530.23 19379.52 0.96 3351 40
1 1917 3585 592.08 19371.52 1.20 1542 50
1 1917 3584 500.04 19373.52 1.20 2003 50
1 1917 3586 695.90 19260.00 0.96 3388 40
1 1929 3585 593.97 19251.20 1.20 1456 50
1 1929 3584 549.10 19253.20 1.20 1916 50
1 1929 3586 548.04 19259.20 0.96 3334 40
1 1917 3585 580.04 19371.52 1.20 1556 50
1 1917 3584 501.14 19373.76 48.16 2066 77
1 1917 3586 693.53 19380.72 0.96 3409 40
1 1929 3585 575.64 19251.20 1.44 1457 55
1 1929 3584 563.98 19253.60 1.20 1913 50
1 1929 3586 563.55 19259.20 0.96 3187 40
1 1905 3585 558.82 19251.44 48.16 1534 77
1 1917 3584 509.77 19253.60 1.20 1990 50
1 1917 3586 1516.72 19382.32 0.96 2962 40
1 1941 3585 595.71 19371.52 1.20 1465 40
1 1929 3584 618.81 19373.92 1.20 1922 50
1 1929 3586 1600.13 19264.80 0.96 2840 40
1 1917 3585 661.91 19371.52 1.20 1557 45
1 1917 3584 613.72 19373.52 0.96 2016 35
1 1917 3586 1672.43 19385.12 0.96 2856 40
1 1929 3585 585.64 19251.60 1.20 1456 45
1 1929 3584 593.37 19012.56 0.96 1869 45
1 1929 3586 1556.17 19385.52 0.96 2855 40
1 1917 3585 676.65 19372.32 1.20 1585 40
1 1917 3584 577.32 19614.56 1.44 2043 40
1 1917 3586 1239.35 19262.64 47.92 2964 62
1 1929 3585 776.14 19252.00 1.20 1452 45
1 1917 3584 657.94 19253.60 1.20 1908 50
1 1929 3586 516.78 19379.12 0.96 3065 40
1 1917 3585 542.22 19371.92 1.20 1570 50
1 1929 3584 538.52 19373.52 1.20 2024 50
1 1917 3586 670.49 19259.20 0.96 3073 40
1 1929 3585 593.77 19251.20 1.20 1457 50
1 1929 3584 619.08 19253.60 1.20 1912 50
1 1929 3586 531.18 19379.12 0.96 3091 40
1 1917 3585 572.77 19371.52 1.20 1544 50
1 1917 3584 511.66 19373.76 48.16 2063 77
1 1917 3586 670.50 19258.80 0.96 3074 40
1 1929 3585 564.15 19251.20 1.20 1457 50
1 1917 3584 539.69 19253.20 1.20 1916 50
1 1929 3586 545.82 19379.52 0.96 3097 40
1 1917 3585 577.83 19371.52 1.20 1542 55
1 1929 3584 508.61 19373.52 1.20 2062 50
1 1917 3586 662.57 19259.20 0.96 3073 40
1 1929 3585 552.42 19251.44 48.16 1457 67
1 1917 3584 561.45 19253.60 1.20 1914 50
1 1929 3586 561.64 19379.52 0.96 3059 40
1 1917 3585 569.18 19251.20 1.20 1519 50
1 1929 3584 525.05 19373.52 1.20 2023 50
1 1917 3586 682.20 19258.80 0.96 3042 40
1 1929 3585 535.18 19371.52 1.20 1466 50
1 1917 3584 531.68 19253.20 1.20 1916 50
1 1929 3586 536.24 19379.52 0.96 3097 40
1 1917 3585 595.35 19372.72 0.96 1540 45
1 1929 3584 484.64 19373.52 1.20 2081 50
1 1917 3586 676.97 19259.44 47.92 3046 67
1 1929 3585 545.14 19251.20 1.20 1442 50
1 1917 3584 540.21 19253.20 1.20 1916 50
1 1929 3586 1019.22 19262.00 0.96 2914 40
1 1917 3585 616.81 19371.52 1.20 1543 50
1 1929 3584 526.88 19373.52 1.20 2004 45
1 1917 3586 1891.85 19385.52 1.20 2823 45
1 1929 3585 625.35 19251.60 1.20 1455 50
1 1917 3584 527.02 19253.20 1.20 1915 50
1 1929 3586 1356.93 19266.00 0.96 2843 40
1 1917 3585 672.49 19371.92 1.20 1567 50
1 1929 3584 608.67 19373.76 48.16 2062 72
1 1917 3586 1455.87 19385.12 0.96 2829 40
1 1929 3585 546.21 19251.20 1.20 1442 50
1 1917 3584 559.67 19253.20 1.20 1912 50
1 1929 3586 1555.29 19263.20 0.96 2932 40
1 1917 3585 646.25 19372.56 48.16 1573 77
1 1929 3584 602.10 19374.80 17.12 2038 50
1 1917 3586 695.07 19379.52 0.96 3060 40
1 1929 3585 551.68 19251.20 1.20 1456 45
1 1918 3584 624.43 19261.92 1.20 1910 50
1 1929 3586 543.66 19258.80 0.96 3109 40
1 1917 3585 603.73 19371.52 1.20 1541 50
1 1929 3584 580.86 19373.92 1.20 2020 50
1 1917 3586 639.29 19379.52 0.96 3092 40
1 1929 3585 619.06 19251.60 1.20 1440 50
1 1917 3584 683.76 19254.40 0.72 1907 40
1 1929 3586 565.45 19259.20 0.96 3040 40
1 1917 3585 627.24 19371.52 1.20 1556 50
1 1929 3584 529.92 19373.92 1.20 2040 50
1 1917 3586 640.74 19379.36 47.92 3098 67
1 1929 3585 536.50 19251.20 1.44 1457 45
1 1917 3584 516.02 19253.20 1.20 1916 50
1 1929 3586 534.22 19258.80 0.96 3108 40
1 1917 3585 643.37 19371.92 1.20 1554 50
1 1929 3584 655.95 19374.32 1.20 1942 50
1 1917 3586 637.69 19379.52 0.96 3092 45
1 1929 3585 569.64 19251.20 1.20 1442 50
1 1917 3584 521.72 19253.20 0.96 1916 45
1 1929 3586 579.77 19259.20 0.96 3071 40
1 1917 3585 634.34 19372.32 1.20 1571 50
1 1930 3584 695.99 19384.00 51.60 2040 67
1 1917 3586 681.21 19379.92 0.96 3060 40
1 1929 3585 584.48 19251.20 1.20 1456 50
1 1917 3584 676.79 19254.00 0.72 1908 35
1 1929 3586 547.79 19258.80 0.96 3109 40
1 1917 3585 690.25 19371.76 48.16 1554 77
1 1929 3584 685.57 19374.32 4.32 2016 50
1 1917 3586 682.01 19379.52 0.96 3060 40
1 1929 3585 582.49 19251.60 1.20 1440 50
1 1917 3584 516.10 19253.68 7.12 1915 50
1 1929 3586 1061.66 19262.00 0.96 2946 40
1 1917 3585 613.61 19251.60 1.20 1532 50
1 1929 3584 543.26 19373.52 1.20 2061 45
1 1917 3586 1510.34 19116.40 0.96 2789 40
1 1929 3585 587.67 19371.52 1.20 1465 50
1 1917 3584 613.26 19253.20 1.20 1909 45
1 1929 3586 1751.71 19534.32 0.96 2907 40
1 1917 3585 730.61 19372.32 1.20 1536 50
1 1929 3584 639.57 19374.32 1.20 1978 45
1 1917 3586 1650.71 19385.76 47.92 2862 62
1 1929 3585 577.67 19251.20 1.20 1457 50
1 1917 3584 534.13 19253.20 0.96 1913 45
1 1929 3586 1455.10 19262.80 0.96 2899 40
1 1917 3585 708.27 19371.92 1.20 1544 50
1 1929 3584 787.38 19374.32 1.20 2028 50
1 1917 3586 639.40 19379.12 0.96 3061 40
1 1929 3585 539.97 19251.20 1.20 1472 50
1 1917 3584 512.17 19253.20 1.20 1916 50
1 1929 3586 725.51 19260.40 0.96 3134 40
1 1917 3585 1412.53 19373.52 1.20 1457 45
1 1929 3584 772.80 19374.96 47.92 2016 67
1 1917 3586 639.07 19379.12 0.96 3061 40
1 1929 3585 589.82 19251.60 1.20 1470 50
1 1917 3584 597.75 19253.60 0.96 1912 40
1 1929 3586 566.97 19259.20 0.96 3071 40
1 1917 3585 611.12 19372.16 48.16 1556 77
1 1929 3584 657.96 19373.52 1.20 2035 50
1 1917 3586 628.57 19379.12 0.96 3061 40
1 1929 3585 556.15 19251.20 1.20 1486 50
1 1917 3584 505.82 19253.20 1.20 1916 50
1 1929 3586 588.34 19258.80 0.96 3078 40
1 1917 3585 598.70 19371.92 1.20 1525 50
1 1929 3584 611.71 19373.92 1.20 2059 50
1 1917 3586 629.76 19379.12 0.96 3061 40
1 1929 3585 534.82 19251.20 1.20 1487 50
1 1917 3584 508.16 19253.20 1.20 1916 50
1 1929 3586 572.61 19259.20 0.96 3041 40
1 1917 3585 641.15 19130.88 1.20 1524 45
1 1929 3584 633.78 19373.52 1.20 2037 50
1 1917 3586 625.59 19379.36 47.92 3066 62
1 1929 3585 556.43 19491.84 1.20 1510 50
1 1917 3584 490.56 19253.20 1.20 1897 50
1 1929 3586 567.48 19258.80 0.96 3141 40
1 1917 3585 598.96 19371.52 1.20 1526 50
1 1929 3584 553.11 19373.52 1.20 2043 50
1 1917 3586 617.00 19379.12 0.96 3061 40
1 1929 3585 549.76 19251.20 0.96 1487 45
1 2241 3584 607.28 22022.96 1.20 2190 50
1 1929 3586 1068.68 19262.80 0.96 2977 40
1 1917 3585 645.02 19371.92 1.20 1513 50
1 3846 3584 999.00 38760.88 48.16 3712 72
1 1917 3586 1896.30 19385.12 0.96 2860 40
1 1929 3585 547.01 19251.20 1.44 1502 55
1 3846 3584 1408.26 38521.60 0.96 3656 35
1 1929 3586 1453.08 19264.80 0.96 2868 40
1 1917 3585 786.75 19371.92 3.92 1493 72
1 3846 3584 1201.10 38280.16 1.20 3663 40
1 1917 3586 1490.08 19385.12 0.96 2830 40
1 1929 3585 568.91 19131.12 45.44 1506 50
1 3847 3584 1200.30 39008.40 56.00 3703 72
1 1929 3586 1431.50 19262.40 0.96 2960 40
1 1917 3585 779.46 19493.04 1.20 1519 50
1 3847 3584 903.30 38763.52 1.20 3715 45
1 1917 3586 614.12 19379.12 0.96 3061 40
1 1929 3585 591.61 19251.20 1.20 1531 50
1 3846 3584 906.06 38518.80 1.20 3671 50
1 1929 3586 616.44 19259.20 0.96 3046 40
1 1917 3585 767.35 19376.32 1.20 2181 50
1 3846 3584 849.72 38757.44 1.20 3689 50
1 1917 3586 613.58 19379.36 47.92 3066 62
1 1929 3585 582.44 19259.20 1.20 2904 50
1 3846 3584 1171.73 38520.80 1.20 3662 50
1 1929 3586 610.27 19259.60 0.96 3010 40
1 1917 3585 614.82 19378.32 1.20 2786 50
1 3846 3584 861.89 38759.04 1.20 3718 50
1 1917 3586 614.42 19379.12 0.96 3061 40
1 1929 3585 565.76 19251.20 1.20 1502 50
1 3846 3584 928.17 38518.40 1.20 3668 50
1 1929 3586 600.14 19259.20 0.96 3045 40
1 1917 3585 646.40 19371.92 1.20 1495 50
1 3846 3584 851.62 38757.28 94.72 3689 103
1 1917 3586 603.20 19379.12 0.96 3061 40
1 1929 3585 556.59 19251.20 1.20 1532 50
1 3846 3584 871.80 38518.00 1.20 3668 50
1 1929 3586 615.40 19259.60 0.96 3072 40
1 1917 3585 654.61 19371.92 3.92 1514 72
1 3846 3584 878.48 38758.64 1.20 3719 50
1 1917 3586 605.24 19379.12 0.96 3061 40
1 3834 3585 995.50 38272.00 45.44 2843 50
1 3846 3584 931.20 38518.40 0.72 3665 40
1 1929 3586 589.21 19259.20 0.96 3076 40
1 3834 3585 1145.43 38272.96 1.20 2832 50
1 3846 3584 960.04 38759.44 1.20 3687 50
1 1917 3586 1042.98 19381.52 0.96 2929 40
1 3858 3585 1009.07 38995.28 1.20 2857 50
1 3834 3584 1244.62 38520.00 0.72 3658 30
1 1929 3586 1675.51 19265.20 0.96 2836 40
1 3834 3585 901.46 38752.64 1.20 3068 50
1 3858 3584 1000.36 38761.04 1.20 3682 35
1 1917 3586 1332.37 18847.28 47.92 2783 62
1 3858 3585 715.33 38270.16 1.20 3258 50
1 3846 3584 954.54 38520.00 0.96 3662 45
1 1929 3586 1585.51 19803.68 0.96 2974 40
1 3834 3585 807.56 38994.48 1.20 3542 50
1 3846 3584 1074.24 38761.44 1.20 3709 50
1 1917 3586 935.53 19381.92 0.96 2965 40
1 3858 3585 895.86 38516.40 1.20 3514 50
1 3834 3584 965.89 38519.20 1.20 3663 50
1 1929 3586 601.79 19259.20 1.20 3072 45
1 3834 3585 783.26 38754.24 1.20 3579 50
1 3858 3584 903.50 38759.28 48.16 3690 77
1 1917 3586 592.44 19379.12 0.96 3061 40
1 3858 3585 764.86 38514.00 1.20 3511 50
1 3834 3584 885.39 38518.80 1.20 3663 50
1 1929 3586 646.73 19259.20 0.96 3044 40
1 3834 3585 831.95 38755.84 3.92 3538 72
1 3858 3584 875.38 38757.44 1.20 3691 50
1 1917 3586 594.88 19379.12 0.96 3061 40
1 3858 3585 796.20 38515.44 45.44 3504 50
1 3834 3584 927.47 38759.84 1.20 3688 50
1 1929 3586 625.93 19259.60 0.96 3041 40
1 3834 3585 754.76 38753.84 1.20 3581 50
1 3858 3584 845.83 38516.40 1.20 3664 50
1 1917 3586 589.71 19379.12 0.96 3061 40
1 3858 3585 1012.50 38516.80 0.96 3476 45
1 3834 3584 977.72 38519.60 1.20 3663 50
1 2013 3586 1386.15 19402.00 0.96 3040 40
1 3834 3585 3360.35 35748.80 1.20 4729 45
1 3858 3584 986.81 38760.24 1.20 3684 50
1 3834 3586 11288.62 35418.88 47.92 5422 67
1 3858 3585 4895.46 41556.24 0.96 4639 40
1 3834 3584 926.06 38759.44 1.20 3686 50
1 3858 3586 10156.11 39295.52 0.96 6015 40
1 3834 3585 721.26 38753.04 1.20 3583 50
1 3858 3584 896.63 38516.80 1.20 3667 50
1 3834 3586 8393.81 39295.52 0.96 6015 40
1 3858 3585 787.63 38514.80 1.20 3489 50
1 3834 3584 846.58 38518.80 1.20 3665 50
1 3858 3586 6499.48 39596.24 0.96 6065 45
1 3834 3585 687.01 38752.24 1.44 3551 55
1 3858 3584 859.95 38757.44 1.20 3690 50
1 3834 3586 4688.53 39295.36 0.96 6015 40
1 3846 3585 880.87 38515.20 1.20 3519 45
1 3834 3584 877.35 38518.64 94.48 3666 93
1 3858 3586 2901.67 39295.76 0.96 6015 40
1 3846 3585 715.45 38753.44 3.92 3582 72
1 3858 3584 865.22 38757.44 1.20 3689 50
1 3834 3586 1570.23 38936.96 0.96 5970 40
1 3846 3585 807.37 38515.04 45.44 3489 50
1 3834 3584 928.29 38759.84 1.20 3686 50
1 3846 3586 1062.00 38799.28 0.96 5803 40
1 3846 3585 730.77 38753.04 1.20 3548 50
1 3858 3584 853.80 38517.60 1.20 3697 50
1 3846 3586 1093.40 38774.64 0.96 5477 40
1 3846 3585 858.81 38514.80 0.96 3505 45
1 3834 3584 872.87 38758.64 1.20 3689 50
1 3858 3586 950.92 38528.00 0.96 5231 40
1 3846 3585 707.73 38753.44 1.20 3583 50
1 3858 3584 866.92 38516.80 1.20 3667 50
1 3834 3586 897.82 38769.04 0.96 5023 40
1 3846 3585 783.55 38514.80 1.20 3509 40
1 3834 3584 890.92 38517.60 1.20 3664 50
1 3846 3586 924.15 38523.44 47.92 4777 62
1 3846 3585 754.65 38755.04 1.20 3543 45
1 3858 3584 1006.99 38759.04 1.20 3719 50
1 3846 3586 901.31 38766.64 0.96 4570 40
1 3834 3585 848.82 38516.00 1.20 3518 45
1 3834 3584 922.14 38518.40 1.20 3687 50
1 3846 3586 886.94 38518.80 0.96 4286 40
1 3858 3585 760.54 38753.44 1.20 3575 40
1 3858 3584 1057.73 38638.32 1.20 3676 50
1 3846 3586 739.90 38757.84 0.96 4091 40
1 3834 3585 888.11 38272.96 1.20 3469 40
1 3834 3584 1498.54 38642.96 48.16 3662 77
1 3858 3586 817.30 38515.20 0.96 3909 40
1 3858 3585 2916.00 36228.88 1.20 4802 45
1 3858 3584 903.37 38759.04 1.20 3757 50
1 3834 3586 786.97 37893.28 0.96 3682 40
1 3834 3585 5152.63 40836.56 48.16 4540 62
1 3834 3584 1159.99 38519.20 1.20 3659 50
1 3846 3586 999.74 39379.76 0.96 3740 40
1 3858 3585 6709.68 38529.92 1.20 5879 45
1 3858 3584 1118.25 38760.24 1.20 3682 50
1 3846 3586 730.66 38754.64 0.96 3689 40
1 3846 3585 884.97 39015.76 1.20 3562 50
1 3834 3584 921.04 38517.60 1.20 3661 50
1 3846 3586 875.81 38516.80 0.96 3693 40
1 3846 3585 805.27 38996.48 1.20 3559 50
1 3858 3584 1012.74 38759.44 1.20 3717 50
1 3846 3586 862.26 38757.44 0.96 3684 40
1 3846 3585 830.48 38514.00 1.20 3522 50
1 3836 3584 849.42 38532.64 3.92 3665 51
1 3858 3586 927.53 38515.44 47.92 3660 67
1 3846 3585 660.61 38752.24 1.20 3586 45
1 3859 3584 959.55 38643.28 38.96 3678 59
1 3834 3586 862.17 38757.04 0.96 3685 40
1 3846 3585 817.54 38513.60 0.96 3555 45
1 3835 3584 874.04 38641.20 1.20 3673 50
1 3834 3586 808.90 38514.00 0.96 3698 40
1 3846 3585 735.76 38754.24 1.20 3544 50
1 3858 3584 904.53 38760.24 1.20 3756 50
1 3858 3586 713.06 38754.24 0.96 3720 40
1 3834 3585 810.55 38514.40 1.20 3524 50
1 3834 3584 854.38 38518.24 48.16 3664 72
1 3846 3586 848.07 38515.60 0.96 3692 40
1 3858 3585 668.03 38751.84 1.20 3391 50
1 3858 3584 931.82 38759.84 1.20 3694 50
1 3846 3586 960.60 38757.04 0.96 3681 40
1 3834 3585 840.61 38270.80 48.40 3039 77
1 3834 3584 1140.45 38518.40 0.72 3656 40
1 3834 3586 854.77 38514.00 0.96 3668 40
1 3858 3585 842.56 38752.64 1.20 3050 50
1 3858 3584 1081.59 38640.72 0.96 3707 45
1 3858 3586 1455.46 38766.64 0.96 3672 40
1 3834 3585 2865.96 36997.20 1.20 4846 50
1 3834 3584 896.48 38637.92 0.96 3673 45
1 3846 3586 1184.84 38187.68 0.96 3654 40
1 3858 3585 1609.67 40056.00 0.96 3460 35
1 3858 3584 1008.11 38639.52 1.44 3677 50
1 3846 3586 754.20 39086.96 0.96 3747 40
1 3834 3585 959.34 38993.28 1.20 3037 40
1 3834 3584 907.77 38164.72 0.96 3628 45
1 3846 3586 802.01 38513.20 0.96 3666 40
1 3858 3585 913.03 38512.00 1.20 3030 45
1 3858 3584 1215.74 39116.32 0.96 3723 40
1 3846 3586 741.34 38754.88 47.92 3722 62
1 3834 3585 842.02 38270.56 1.20 3014 45
1 3834 3584 931.39 38638.32 1.20 3672 50
1 3834 3586 921.19 38515.60 0.96 3690 40
1 3858 3585 832.95 39233.12 1.20 3111 45
1 3858 3584 1052.77 38639.52 1.20 3677 50
1 3858 3586 877.37 38757.04 0.96 3719 40
1 3834 3585 826.24 38511.20 1.20 3003 50
1 3834 3584 869.41 38156.88 48.16 3628 72
1 3834 3586 914.45 38515.20 0.96 3663 40
1 3858 3585 891.75 38271.36 0.96 3016 40
1 3858 3584 1144.92 39123.20 0.96 3724 45
1 3858 3586 1046.96 38757.44 0.96 3712 40
1 3834 3585 4121.61 37240.00 48.16 4852 72
1 3834 3584 918.93 38638.72 1.20 3672 40
1 3834 3586 820.47 38513.60 0.96 3692 40
1 3858 3585 1972.74 40057.68 1.20 3378 40
1 3858 3584 918.77 38638.72 1.20 3678 50
1 3858 3586 732.85 38755.04 0.96 3719 40
1 3834 3585 763.09 38992.88 1.20 3319 55
1 3834 3584 885.08 38637.92 1.20 3673 50
1 3834 3586 825.72 38514.40 0.96 3666 40
1 3858 3585 687.46 38512.40 1.20 3303 40
1 3858 3584 973.10 38639.92 1.20 3685 50
1 3858 3586 749.27 38755.84 0.96 3716 40
1 3834 3585 767.62 38751.84 1.20 3330 50
1 3834 3584 866.51 38637.52 1.20 3674 50
1 3834 3586 843.72 38514.00 0.96 3662 40
1 3858 3585 669.69 38511.20 1.20 3313 40
1 3858 3584 1029.93 38640.32 1.20 3679 50
1 3858 3586 756.41 38755.84 4.08 3716 72
1 3834 3585 701.72 38751.84 1.20 3301 45
1 3834 3584 908.83 38639.12 1.20 3701 50
1 3834 3586 807.01 38513.84 45.04 3666 35
1 3858 3585 677.27 38512.40 1.20 3309 50
1 3858 3584 910.35 38639.52 1.20 3685 50
1 3858 3586 773.79 38756.24 0.96 3691 40
1 3834 3585 737.77 38752.24 1.20 3359 50
1 3834 3584 895.71 38638.32 3.92 3670 72
1 3834 3586 829.03 38514.00 0.96 3664 40
1 3858 3585 572.65 38510.40 1.20 3320 50
1 3858 3584 905.34 38640.16 45.44 3679 50
1 3858 3586 842.33 38756.64 0.96 3684 40
1 3834 3585 816.53 38752.88 48.16 3322 72
1 3834 3584 1005.63 38640.32 1.20 3697 50
1 3834 3586 785.84 38513.60 0.96 3727 40
1 3858 3585 691.25 38511.20 1.20 3305 50
1 3858 3584 1057.65 38760.24 0.72 3688 40
1 3858 3586 737.58 38754.64 0.96 3717 40
1 3834 3585 865.17 38753.44 1.20 3314 45
1 3834 3584 968.29 38518.00 1.20 3658 50
1 3834 3586 766.65 38513.20 0.96 3661 40
1 3858 3585 673.58 38511.60 1.20 3309 50
1 3858 3584 1064.43 38640.32 1.20 3705 50
1 3858 3586 812.37 38755.84 0.96 3686 40
1 3834 3585 804.12 38512.00 1.20 3302 50
1 3834 3584 907.69 38638.32 0.72 3671 35
1 3834 3586 766.48 38513.20 0.96 3730 40
1 3858 3585 733.78 38752.24 1.20 3323 50
1 3858 3584 1003.74 38639.92 1.20 3677 45
1 3858 3586 731.87 38754.24 0.96 3719 40
1 3834 3585 753.55 38752.24 1.20 3327 50
1 3834 3584 930.42 38638.72 1.20 3670 50
1 3834 3586 737.46 38512.80 3.68 3695 93
1 3858 3585 3422.95 38544.80 1.20 5656 50
1 3858 3584 944.44 38524.32 1.20 3670 50
1 3858 3586 834.02 38756.08 91.76 3690 45
1 3834 3585 812.06 38752.24 1.20 3324 50
1 3834 3584 974.94 38474.00 1.20 3686 50
1 3834 3586 814.03 38515.20 0.96 3731 40
1 3858 3585 1766.45 37371.92 1.20 4721 50
1 3858 3584 960.39 38921.28 48.16 3711 72
1 3858 3586 899.25 38757.84 0.96 3714 40
1 3834 3585 2471.58 39924.16 48.16 4269 72
1 3834 3584 911.07 38638.72 1.20 3671 50
1 3834 3586 1119.37 38516.40 0.96 3688 40
1 3858 3585 3572.71 38544.00 0.96 5652 45
1 3858 3584 934.68 38519.60 1.20 3703 50
1 3858 3586 786.89 38755.84 0.96 3684 40
1 3834 3585 702.19 38752.24 1.20 3335 50
1 3834 3584 842.50 38758.24 1.20 3715 50
1 3834 3586 765.34 38513.60 0.96 3697 40
1 3858 3585 684.74 38512.80 1.20 3298 50
1 3858 3584 916.12 38518.40 1.20 3674 50
1 3858 3586 791.55 38755.84 0.96 3716 40
1 3834 3585 731.73 38751.04 1.20 3332 50
1 3834 3584 868.73 38757.84 1.20 3684 50
1 3834 3586 850.77 38514.80 0.96 3691 40
1 3858 3585 745.05 38512.80 1.20 3307 40
1 3858 3584 964.09 38519.20 1.20 3670 50
1 3858 3586 766.47 38635.52 0.96 3676 40
1 3834 3585 1573.85 37525.04 1.20 4095 45
1 3834 3584 827.98 38757.84 1.20 3716 50
1 3834 3586 1179.71 38636.72 0.96 3676 40
1 3858 3585 3788.37 39773.20 1.20 4838 50
1 3858 3584 895.08 38518.00 1.20 3670 50
1 3858 3586 801.93 38643.44 47.92 3704 67
1 3834 3585 4375.85 34994.16 1.20 4924 45
1 3834 3584 1035.40 38758.64 0.96 3681 45
1 3834 3586 846.07 38627.84 0.96 3710 40
1 3858 3585 2998.03 42188.08 1.20 4229 50
1 3858 3584 1041.51 38520.24 48.16 3664 72
1 3858 3586 828.79 38636.72 0.96 3674 40
1 3834 3585 3371.65 38901.28 48.16 5350 72
1 3834 3584 979.81 38758.64 1.20 3684 50
1 3834 3586 732.25 38632.72 0.96 3741 40
1 3858 3585 2066.62 37255.12 1.20 4675 50
1 3858 3584 1023.72 38519.20 1.20 3669 50
1 3858 3586 769.42 38515.60 0.96 3693 40
1 3834 3585 2569.10 40043.12 1.20 4283 50
1 3834 3584 940.28 38759.04 1.20 3684 50
1 3834 3586 713.12 38751.84 0.96 3719 40
1 3858 3585 3301.46 38424.88 0.96 5650 45
1 3858 3584 945.00 38519.20 1.20 3671 50
1 3858 3586 706.67 38513.60 0.96 3666 40
1 3834 3585 761.40 38872.96 1.20 3336 50
1 3834 3584 851.84 38758.24 1.20 3716 50
1 3834 3586 819.04 38755.84 0.96 3749 40
1 3858 3585 2009.74 37192.48 1.20 4659 50
1 3860 3584 1134.11 38535.04 30.56 3667 45
1 3858 3586 766.64 38516.40 0.96 3661 40
1 3834 3585 7669.96 36346.96 1.20 6065 50
1 3882 3584 877.91 38878.00 36.72 3698 35
1 3834 3586 709.66 38752.24 0.96 3719 40
1 3858 3585 3114.89 42134.48 1.44 3933 50
1 5764 3584 1174.77 57911.20 1.20 5471 50
1 3858 3586 703.38 38513.60 0.96 3666 40
1 3834 3585 1939.65 38763.68 1.20 5965 50
1 5776 3584 1140.76 58150.96 1.20 5489 50
1 3834 3586 870.84 38756.48 47.92 3751 62
1 3858 3585 2808.55 38732.88 0.96 4312 45
1 5764 3584 2337.09 55588.80 4.08 5277 72
1 3858 3586 729.87 38514.80 0.96 3663 40
1 3834 3585 2095.81 37861.12 48.40 4977 77
1 5776 3584 3116.89 60360.00 45.04 5683 40
1 3834 3586 807.75 38754.64 0.96 3720 40
1 3858 3585 3798.87 39223.52 0.96 5675 40
1 5764 3584 1165.60 57787.20 1.20 5459 50
1 3858 3586 744.35 38514.40 0.96 3665 40
1 3834 3585 1396.06 38681.44 1.20 3914 45
1 5777 3584 1149.57 58162.24 5.28 5487 50
1 3834 3586 845.12 38755.04 0.96 3718 40
1 3858 3585 4387.26 36920.64 1.20 5679 45
1 5764 3584 1360.64 57789.20 0.96 5459 45
1 3858 3586 759.90 38515.20 0.96 3663 40
1 3834 3585 2896.04 40236.16 1.20 4021 45
1 5776 3584 1151.00 58151.76 1.20 5487 50
1 3834 3586 726.34 38753.04 0.96 3719 40
1 3858 3585 3098.72 38412.56 1.20 5624 50
1 5764 3584 1149.63 57787.20 1.20 5459 50
1 3858 3586 681.05 38512.80 0.96 3663 40
1 3834 3585 2763.66 38912.88 1.20 5020 50
1 5776 3584 1171.26 58150.96 1.20 5490 50
1 3834 3586 737.65 38753.84 0.96 3721 40
1 3858 3585 2296.49 38244.48 1.20 4390 50
1 5764 3584 1886.56 57793.20 1.20 5450 50
1 3858 3586 806.30 38515.20 0.96 3662 40
1 3834 3585 2601.81 39090.96 0.96 6015 45
1 5776 3584 1193.20 58152.16 1.20 5485 50
1 3834 3586 761.11 38753.44 0.96 3718 40
1 3978 3585 1290.58 38490.56 1.20 3607 45
1 5764 3584 1593.43 57791.20 3.92 5450 72
1 3858 3586 779.84 38515.44 48.16 3665 72
1 5752 3585 20314.78 39090.72 48.16 6015 67
1 5776 3584 1389.99 58153.20 45.44 5485 50
1 3834 3586 737.96 38753.04 0.96 3690 40
1 5788 3585 54621.47 37528.24 1.20 5772 50
1 5764 3584 1125.94 57786.80 1.20 5462 50
1 3858 3586 755.00 38515.20 0.96 3661 40
1 5752 3585 80141.39 51076.48 0.96 4815 45
1 5776 3584 1256.21 57852.80 1.20 5459 50
1 3834 3586 944.89 38755.44 0.96 3683 40
1 5788 3585 101874.65 37796.88 1.20 5529 50
1 5764 3584 5122.03 57183.12 1.20 5381 50
1 3858 3586 749.49 38514.80 0.96 3699 40
1 5752 3585 135356.95 38764.16 1.20 5965 50
1 5776 3584 1908.43 59067.20 1.20 5565 50
1 3834 3586 671.96 38752.64 0.96 3753 40
1 5788 3585 165618.40 47938.64 1.20 5072 40
1 5764 3584 4267.79 56392.48 1.20 5319 50
1 3858 3586 780.97 38514.80 0.96 3661 40
1 5752 3585 179083.71 42049.76 1.20 5215 45
1 5776 3584 1610.56 59555.28 1.20 5612 50
1 3834 3586 672.30 38751.84 0.96 3718 40
1 5788 3585 212621.12 39187.84 1.20 6065 45
1 5764 3584 1119.70 57786.80 1.20 5460 50
1 3858 3586 782.41 38515.20 0.96 3665 40
1 5752 3585 244125.53 45269.12 1.20 5565 50
1 5776 3584 1200.07 58152.16 1.20 5487 45
1 3834 3586 699.13 38754.64 0.96 3784 40
1 5788 3585 260347.07 44062.96 0.96 4822 45
1 5764 3584 2055.62 57792.40 1.20 5453 50
1 3858 3586 778.61 38514.40 0.96 3663 40
1 5752 3585 290877.97 38763.92 48.16 5965 67
1 5776 3584 1379.08 58152.80 48.16 5483 77
1 3834 3586 835.03 38754.48 47.92 3720 62
1 5788 3585 325852.73 41481.68 1.20 5815 45
1 5764 3584 1230.94 57788.80 1.20 5457 45
1 3858 3586 751.08 38515.20 0.96 3697 40
1 5752 3585 343213.63 45895.36 1.20 4265 50
1 5776 3584 1829.55 57638.00 1.20 5437 50
1 3834 3586 670.03 38753.04 0.96 3752 40
1 5788 3585 374576.91 38156.64 1.20 5872 50
1 5764 3584 1833.18 58306.96 1.20 5501 50
1 5716 3586 1061.52 56960.32 0.96 5388 40
1 5752 3585 407610.77 39417.76 1.20 6065 50
1 5776 3584 1814.62 57504.72 1.20 5419 50
1 5752 3586 1305.95 58255.12 0.96 5495 40
1 5788 3585 440636.06 42789.84 1.20 5965 50
1 5764 3584 2000.66 58034.64 1.20 5469 50
1 5788 3586 1094.04 57786.40 0.96 5495 40
1 5752 3585 453190.29 50146.48 0.96 4715 45
1 5776 3584 1864.54 58049.20 1.20 5473 50
1 5752 3586 1168.89 58150.96 0.96 5496 40
1 5788 3585 479610.80 39417.60 1.20 6065 45
1 5764 3584 1124.68 58302.96 1.20 5509 50
1 5788 3586 1041.12 57785.60 0.96 5466 40
1 5752 3585 511448.05 39418.00 1.20 6065 45
1 5776 3584 1252.02 58032.24 1.20 5474 50
1 5752 3586 1177.49 58151.36 0.96 5493 40
1 5788 3585 530639.83 51881.44 1.20 4565 50
1 5764 3584 1367.05 56681.60 1.20 5353 50
1 5788 3586 1047.31 57785.60 0.96 5497 40
1 5752 3585 555996.66 38110.56 47.92 5865 67
1 5776 3584 1566.58 59260.80 48.16 5588 77
1 5752 3586 1176.51 58151.20 47.92 5498 62
1 5788 3585 588495.60 39418.00 1.20 6065 50
1 5764 3584 1227.57 57908.72 1.20 5471 50
1 5788 3586 1133.67 57786.80 0.96 5462 40
1 5752 3585 620799.79 39090.96 1.20 6015 50
1 5776 3584 2973.19 58036.64 1.20 5464 50
1 5752 3586 1196.55 58151.76 0.96 5492 40
1 5788 3585 637044.12 57118.16 1.20 4715 50
1 5764 3584 1421.87 56683.20 1.20 5350 50
1 5788 3586 1195.90 57787.60 0.96 5492 40
1 5752 3585 643349.45 53379.92 1.20 4115 50
1 5776 3584 2167.70 58867.92 1.20 5545 50
1 5752 3586 1196.17 58150.96 0.96 5527 40
1 5788 3585 649499.18 48136.96 1.20 5515 45
1 5792 3584 2010.72 58596.72 1.20 5525 50
1 5788 3586 1027.21 57785.20 0.96 5466 40
1 5752 3585 681951.03 36346.88 1.20 6065 45
1 5776 3584 1256.56 58034.80 23.12 5477 61
1 5752 3586 1265.09 58150.96 0.96 5491 40
1 5788 3585 719678.07 40965.28 1.20 6165 50
1 5764 3584 1094.70 57907.92 1.20 5470 50
1 5788 3586 1028.94 57785.60 0.96 5497 40
1 5752 3585 724175.58 65513.12 0.96 5465 45
1 5776 3584 1206.22 58029.44 1.20 5479 50
1 5752 3586 1186.10 58150.56 0.96 5496 40
1 5776 3585 712427.10 64306.64 1.20 5365 50
1 5764 3584 1265.83 57909.12 1.20 5472 50
1 5788 3586 1021.40 57785.20 0.96 5466 40
1 5764 3585 700394.59 64306.24 48.16 5365 72
1 5776 3584 1950.67 57203.04 47.92 5393 67
1 5752 3586 1238.56 57687.44 0.96 5445 40
1 5788 3585 689271.84 65094.08 1.20 5465 50
1 5764 3584 2158.79 58591.84 1.20 5518 50
1 5788 3586 1059.97 58250.56 47.92 5538 62
1 5752 3585 679139.08 56197.12 1.20 5615 50
1 5776 3584 1450.52 58185.36 1.20 5487 50
1 5752 3586 1270.91 58150.56 0.96 5523 40
1 5788 3585 699344.39 50151.52 1.20 5615 50
1 5764 3584 1054.92 57907.52 1.20 5474 50
1 5788 3586 1172.39 57787.20 0.96 5461 40
1 5752 3585 706941.67 43301.60 1.20 5715 50
1 5776 3584 2069.68 57915.52 1.20 5454 50
1 5752 3586 1503.02 58152.96 0.96 5486 40
1 5788 3585 722574.13 59609.04 1.20 5615 40
1 5764 3584 1085.84 58029.04 1.20 5480 50
1 5788 3586 1056.11 57786.80 0.96 5494 40
1 5752 3585 739072.10 47171.04 1.20 6015 45
1 5776 3584 1235.95 57909.92 1.20 5465 50
1 5752 3586 1184.76 58148.96 0.96 5499 40
1 5788 3585 733265.62 66116.24 1.20 5515 45
1 5752 3584 1068.20 58028.64 1.20 5484 50
1 5776 3586 1001.63 57784.80 0.96 5467 40
1 5752 3585 729430.03 46316.48 1.20 6015 45
1 5788 3584 1299.44 57731.68 1.20 5449 50
1 5764 3586 1202.18 58150.16 0.96 5492 40
1 5788 3585 744318.90 59911.20 1.20 5615 40
1 5752 3584 1106.64 58206.88 1.20 5497 50
1 5776 3586 1007.12 57785.60 0.96 5497 40
1 5752 3585 760494.39 47170.08 48.16 6015 77
1 5788 3584 1456.87 57910.96 94.72 5464 98
1 5764 3586 1174.43 58148.96 0.96 5498 40
1 5788 3585 753479.05 65513.12 1.20 5465 45
1 5752 3584 2217.12 58035.84 1.20 5468 50
1 5788 3586 1036.60 57263.28 47.92 5416 62
1 5752 3585 753845.32 44809.04 1.20 5865 50
1 5788 3584 1238.44 57909.12 1.20 5466 50
1 5752 3586 1254.14 58673.52 0.96 5539 40
1 5788 3585 790777.56 40965.36 0.96 6165 45
1 5752 3584 1111.89 58029.04 1.20 5480 50
1 5776 3586 997.65 57785.60 0.96 5497 40
1 5752 3585 792799.66 67322.48 1.20 5615 50
1 5788 3584 1237.11 57909.52 1.20 5466 50
1 5764 3586 1244.07 56975.20 0.96 5386 40
1 5788 3585 785296.99 49900.08 1.20 5665 45
1 5752 3584 1075.89 58029.04 1.20 5483 50
1 5776 3586 1647.10 58963.76 0.96 5569 40
1 5752 3585 804811.26 56749.68 1.20 5615 45
1 5788 3584 1250.76 57909.92 1.20 5467 45
1 5764 3586 1218.31 57386.56 0.96 5420 40
1 5776 3585 815981.11 43130.64 1.20 6015 40
1 5752 3584 1092.28 58029.04 1.20 5480 50
1 5776 3586 1205.87 58551.20 0.96 5563 40
1 5764 3585 824426.64 55292.72 1.20 5515 50
1 5788 3584 1235.93 57909.52 1.20 5467 50
1 5764 3586 1279.89 57395.44 0.96 5425 40
1 5776 3585 850189.66 36346.88 1.20 6065 50
1 5752 3584 1237.01 58029.44 1.20 5482 50
1 5776 3586 1282.69 58544.32 0.96 5524 40
1 5764 3585 874065.63 57352.64 47.92 5665 67
1 5788 3584 1425.94 57790.64 48.16 5453 67
1 5764 3586 1362.08 57450.80 0.96 5425 40
1 5776 3585 884514.08 42526.80 1.20 5965 40
1 5752 3584 1086.65 58148.96 1.20 5492 50
1 5776 3586 1051.93 58486.96 0.96 5559 40
1 5764 3585 893953.41 55374.96 1.20 5522 50
1 5788 3584 1235.58 57907.92 1.20 5470 50
1 5764 3586 1210.29 58150.56 63.44 5494 62
1 5764 3585 913421.83 51356.96 1.20 5765 50
1 5752 3584 1242.19 58031.04 1.20 5481 50
1 5776 3586 1014.52 57786.64 32.32 5464 29
1 5776 3585 918765.27 43986.80 1.20 5772 50
1 5791 3584 1213.05 57938.24 33.52 5471 59
1 5764 3586 1199.24 57918.00 0.96 5470 40
1 5764 3585 955541.46 40965.28 1.20 6165 50
1 5752 3584 1088.44 58030.24 1.20 5477 50
1 5776 3586 1095.61 58019.76 0.96 5480 40
1 5776 3585 965495.45 53483.44 1.20 5365 50
1 5788 3584 1229.07 57907.92 1.20 5470 50
1 5764 3586 1538.03 57919.20 0.96 5472 40
1 5764 3585 986225.52 50151.04 1.20 5665 50
1 5752 3584 1070.33 58029.44 1.20 5482 50
1 5776 3586 1008.01 58018.16 0.96 5484 40
1 5776 3585 980653.60 65512.88 0.96 5465 45
1 5788 3584 1222.09 57909.12 1.20 5468 50
1 5764 3586 1218.70 57797.68 0.96 5465 40
1 5764 3585 966899.40 66903.68 1.20 5615 40
1 5752 3584 1086.40 58029.84 1.20 5479 50
1 5776 3586 1149.41 58142.48 0.96 5520 45
1 5776 3585 954362.48 56498.80 48.16 5615 67
1 5788 3584 1602.47 56383.68 1.20 5321 55
1 5764 3586 1342.96 57919.20 0.96 5498 40
1 5764 3585 973607.54 51959.68 1.20 5815 45
1 5752 3584 1784.67 59363.20 48.16 5596 67
1 5764 3586 1282.32 58022.16 0.96 5477 40
1 5776 3585 965274.68 63703.52 1.20 5315 50
1 5788 3584 1856.34 57812.48 1.20 5451 50
1 5776 3586 1202.36 57918.00 0.96 5476 40
1 5764 3585 975546.36 39206.64 1.20 6065 50
1 5752 3584 1274.29 58330.40 1.20 5501 50
1 5764 3586 1024.44 58019.60 47.92 5480 62
1 5776 3585 1011320.12 47170.72 1.20 6015 50
1 5788 3584 1575.06 57792.40 1.20 5448 50
1 5776 3586 1469.76 57918.40 0.96 5475 40
1 5764 3585 1004049.21 67322.56 0.96 5615 45
1 5752 3584 1115.65 58150.56 1.20 5492 50
1 5764 3586 1331.36 58553.84 1.60 5526 40
1 5776 3585 1002559.70 44206.40 1.20 5765 50
1 5788 3584 1234.74 57788.00 1.20 5457 50
1 5776 3586 1310.25 57920.00 0.96 5471 40
1 5752 3585 1017591.31 60815.52 1.20 5715 50
1 5752 3584 1927.55 58155.36 1.20 5479 50
1 5764 3586 1043.05 58019.76 0.96 5518 40
1 5788 3585 1032771.04 47170.80 1.20 6015 50
1 5788 3584 1717.09 57793.20 1.20 5447 50
1 5776 3586 1293.98 56621.92 0.96 5354 40
1 5764 3585 1024497.74 69131.84 1.20 5765 50
1 5752 3584 1119.39 58151.36 1.20 5490 50
1 5764 3586 1837.67 59317.04 1.20 5598 50
1 5776 3585 1022109.44 43684.72 48.16 5772 72
1 5788 3584 1383.71 57790.40 4.56 5453 77
1 5776 3586 1387.36 57387.36 0.96 5421 40
1 5752 3585 1033760.86 67150.80 1.20 5915 40
1 5752 3584 1126.75 58152.00 44.80 5488 50
1 5752 3586 1110.07 58552.40 0.96 5530 40
1 5788 3585 1016102.13 67925.68 1.20 5665 45
1 5788 3584 1223.72 57787.20 1.20 5459 50
1 5788 3586 1152.14 57916.00 0.96 5480 40
1 5752 3585 1004800.68 52010.88 1.20 5865 45
1 5752 3584 1109.81 58150.96 1.20 5491 50
1 5752 3586 1043.14 58019.60 47.92 5487 62
1 5788 3585 1020604.91 60368.48 1.20 5915 45
1 5788 3584 1208.29 57788.00 1.20 5457 50
1 5788 3586 1183.38 57916.80 0.96 5474 40
1 5752 3585 1002233.64 70522.00 1.20 5915 40
1 5752 3584 1126.91 58150.96 1.20 5488 50
1 5752 3586 1302.86 57756.40 0.96 5485 40
1 5788 3585 983020.75 66719.36 1.20 5565 45
1 5788 3584 1355.28 57378.40 1.20 5419 45
1 5788 3586 1675.37 58187.36 0.96 5494 40
1 5752 3585 973706.32 52011.36 1.20 5815 45
1 5752 3584 2042.36 58565.76 1.20 5517 50
1 5752 3586 1035.51 58019.36 0.96 5486 40
1 5788 3585 991084.59 59162.32 1.20 5815 50
1 5788 3584 1200.26 57787.20 1.20 5458 50
1 5788 3586 1187.72 57916.00 0.96 5475 40
1 5752 3585 976686.14 64789.36 1.20 5765 50
1 5752 3584 1150.95 58152.56 1.20 5483 50
1 5752 3586 1439.28 58022.96 0.96 5506 40
1 5788 3585 989785.72 47170.72 47.92 6015 67
1 5788 3584 1404.79 57789.20 1.20 5456 50
1 5788 3586 1594.93 57918.80 0.96 5474 50
1 5752 3585 981727.97 67874.24 1.20 5265 45
1 5752 3584 1333.43 57922.24 48.16 5462 72
1 5752 3586 1041.14 58020.56 0.96 5484 40
1 5788 3585 979642.77 45973.76 1.20 5615 45
1 5788 3584 1195.19 58019.76 1.20 5479 50
1 5788 3586 1181.90 57916.00 0.96 5475 40
1 5752 3585 1010703.65 39841.68 1.20 6165 40
1 5752 3584 1154.22 58151.76 1.20 5485 50
1 5740 3586 1045.92 57900.48 47.92 5472 62
1 5788 3585 1041105.97 47559.04 1.20 5715 50
1 5788 3584 1187.87 57787.60 1.20 5457 50
1 5800 3586 1160.32 58035.92 0.96 5493 40
1 5752 3585 1044259.10 51494.64 1.20 5465 50
1 5752 3584 1155.39 58151.76 1.20 5490 50
1 5752 3586 1120.03 58020.16 0.96 5480 40
1 5788 3585 1071394.10 39417.76 1.20 6065 50
1 5944 3584 1227.68 58142.24 1.20 5490 50
1 5788 3586 1177.42 57915.60 0.96 5476 40
1 5752 3585 1081607.34 66277.20 1.20 5415 50
1 7681 3584 11811.90 63073.04 1.20 5935 50
1 5752 3586 1644.69 58022.16 0.96 5474 40
1 5788 3585 1068229.88 66464.00 1.20 5115 50
1 7705 3584 30062.07 63073.20 1.20 5935 45
1 5788 3586 1152.04 57905.52 0.96 5484 40
1 5752 3585 1050902.74 67118.08 1.20 5165 50
1 7681 3584 48345.47 63583.92 1.20 5985 50
1 5752 3586 1153.07 57397.04 0.96 5454 40
1 5788 3585 1032239.94 69734.88 47.92 5365 67
1 7705 3584 67043.77 62254.96 1.20 5858 50
1 5788 3586 1255.09 58552.00 0.96 5529 40
1 5752 3585 1014582.07 65673.28 1.20 5415 50
1 7681 3584 85845.53 63072.56 48.16 5935 72
1 5752 3586 4246.52 55032.88 0.96 5208 40
1 5788 3585 1023974.11 48540.16 1.20 5765 40
1 7693 3584 105135.95 62009.52 1.20 5835 45
1 5788 3586 2300.68 60152.88 0.96 5677 40
1 5752 3585 1025268.90 51494.48 1.20 5465 45
1 7693 3584 123732.68 63583.12 1.20 5985 50
1 5752 3586 1237.10 58785.36 0.96 5581 40
1 5788 3585 1053066.14 39090.72 1.20 6015 45
1 7705 3584 141950.90 63072.64 1.20 5935 50
1 5788 3586 1264.94 57852.08 0.96 5466 40
1 5752 3585 1062626.78 66931.52 1.20 5465 45
1 7681 3584 160170.88 61192.00 0.96 5758 45
1 5752 3586 989.44 58084.72 47.92 5488 62
1 5788 3585 1044804.66 67864.24 1.20 5222 45
1 7693 3584 187287.64 55809.76 0.96 5281 45
1 5788 3586 1137.21 57905.12 0.96 5485 40
1 5752 3585 1029300.94 67772.40 0.96 5215 45
1 7693 3584 210017.92 62520.48 1.20 5885 50
1 5752 3586 1093.75 58031.04 0.96 5474 40
1 5788 3585 1011538.57 67864.24 1.20 5222 50
1 7693 3584 228109.02 63072.96 1.20 5935 50
1 5788 3586 1150.14 57905.92 0.96 5477 40
1 5752 3585 992840.67 70582.96 1.20 5465 50
1 7693 3584 246352.84 63072.64 1.20 5935 50
1 5752 3586 1107.38 58029.44 0.96 5479 40
1 7597 3585 971912.05 70388.96 48.16 5415 72
1 7693 3584 265112.09 62255.04 1.20 5858 50
1 5788 3586 1102.00 57784.80 0.96 5474 40
1 7669 3585 948989.24 69081.04 1.20 5315 50
1 7693 3584 283933.79 63583.68 48.16 5985 72
1 5752 3586 1156.71 57749.12 0.96 5450 40
1 7717 3585 932901.70 65155.36 1.20 5015 50
1 7693 3584 302121.48 63072.64 1.20 5935 50
1 5788 3586 1161.97 58188.24 0.96 5501 40
1 7669 3585 942966.04 40039.28 1.20 5772 40
1 7693 3584 321897.44 62009.04 1.20 5835 50
1 5752 3586 1049.36 58149.76 0.96 5490 40
1 7717 3585 973659.37 48259.36 1.20 5772 50
1 7694 3584 339991.98 63072.16 17.12 5935 50
1 5788 3586 1226.27 57788.00 0.96 5491 40
1 7669 3585 976409.31 50329.36 1.20 5372 50
1 7694 3584 358272.43 63583.84 1.20 5985 50
1 5752 3586 1072.68 58151.36 0.96 5520 40
1 7717 3585 995395.64 54347.92 0.96 5065 45
1 7694 3584 376498.26 63072.48 5.28 5935 55
1 5788 3586 1330.24 57795.36 48.16 5485 67
1 7669 3585 994151.53 57260.64 1.20 4722 50
1 7693 3584 394794.59 62009.52 1.20 5835 50
1 5752 3586 1388.25 58108.96 0.96 5476 40
1 7717 3585 1014485.56 37176.40 1.20 5722 40
1 7693 3584 414758.92 62009.52 1.20 5835 50
1 5788 3586 1135.84 57721.92 0.96 5464 40
1 7669 3585 1048439.16 39418.00 1.20 6065 50
1 7694 3584 434009.23 63582.48 56.88 5985 72
1 5752 3586 1105.25 58254.32 0.96 5529 40
1 7717 3585 1080891.85 39137.04 48.16 6022 72
1 7694 3584 452705.65 62009.36 1.20 5835 50
1 5788 3586 1125.79 57785.20 0.96 5466 40
1 7669 3585 1107685.35 57915.60 1.20 4772 50
1 7693 3584 471834.56 63072.32 95.12 5935 94
1 5752 3586 1099.79 58151.36 0.96 5487 40
1 7717 3585 1134156.41 51270.72 1.20 4822 50
1 7693 3584 490079.00 63072.72 1.20 5935 50
1 5788 3586 1172.03 57785.60 0.96 5471 40
1 7669 3585 1179585.88 39090.48 1.20 6015 50
1 7693 3584 508366.17 63584.40 1.20 5985 50
1 7525 3586 8610.43 63523.20 0.96 5979 40
1 7717 3585 1222298.71 52477.28 1.20 4922 50
1 7693 3584 526557.61 63072.16 1.20 5935 50
1 7717 3586 25632.85 63922.00 0.96 6015 40
1 7669 3585 1259862.32 40550.32 1.20 5815 50
1 7693 3584 544824.92 63072.24 1.20 5935 50
1 7669 3586 43430.28 63390.32 0.96 5965 40
1 7717 3585 1309553.51 39137.28 1.20 6022 50
1 7693 3584 563075.64 63072.00 5.28 5935 55
1 7717 3586 60517.06 63880.88 3.68 6015 40
1 7669 3585 1355593.23 47937.68 0.96 5172 45
1 7693 3584 581418.29 63052.56 1.20 5935 50
1 7669 3586 78453.87 63921.28 45.20 6015 62
1 7717 3585 1393280.96 41538.32 1.20 5222 45
1 7693 3584 601660.19 62009.52 1.20 5835 50
1 7717 3586 95611.72 63921.76 0.96 6015 40
1 7669 3585 1442210.31 39841.60 1.20 6165 45
1 7693 3584 619845.53 63072.40 1.20 5935 50
1 7669 3586 112763.88 63922.00 0.96 6015 40
1 7717 3585 1491323.01 39417.76 48.16 6065 72
1 7693 3584 638847.50 62010.08 1.20 5835 50
1 7717 3586 129865.11 64411.68 0.96 6065 45
1 7669 3585 1540078.98 39418.00 0.96 6065 45
1 7693 3584 657765.36 63583.84 48.16 5985 72
1 7669 3586 147492.98 62858.56 0.96 5915 40
1 7717 3585 1588932.93 39090.96 1.20 6015 40
1 7681 3584 675962.91 63072.80 1.20 5935 50
1 7717 3586 165574.08 63921.76 0.96 6015 40
1 7669 3585 1638895.86 43116.40 1.20 6065 50
1 7705 3584 694220.15 63073.04 1.20 5935 50
1 7669 3586 183081.87 63390.08 0.96 5965 40
1 7717 3585 1675958.58 46312.72 0.96 4393 40
1 7681 3584 713085.54 62009.36 1.20 5835 50
1 7717 3586 200540.64 64412.56 0.96 6065 40
1 7669 3585 1722857.77 39418.00 1.20 6065 45
1 7705 3584 732107.43 63583.84 1.20 5985 50
1 7669 3586 217711.85 63922.00 0.96 6015 40
1 7717 3585 1771618.09 39418.08 1.20 6065 45
1 7681 3584 750297.95 63072.56 1.20 5935 50
1 7717 3586 234870.90 63922.00 0.96 6015 40
1 7669 3585 1820483.19 39842.16 1.20 6165 45
1 7705 3584 768553.71 63073.44 1.20 5935 50
1 7669 3586 252001.29 63921.60 51.04 6015 67
1 7717 3585 1849039.03 39418.00 1.20 6065 50
1 7681 3584 786785.25 63073.04 1.20 5935 50
1 7717 3586 269124.62 64412.32 44.80 6065 67
1 7669 3585 1849310.46 39417.76 1.20 6065 50
1 7705 3584 805056.07 63583.84 1.20 5985 50
1 7669 3586 286783.87 63390.00 0.96 5965 40
1 7717 3585 1868971.72 39418.16 1.20 6065 50
1 7681 3584 823260.93 63072.64 1.20 5935 50
1 7717 3586 304168.40 63921.76 0.96 6015 40
1 7669 3585 1885967.21 51319.92 47.92 4472 67
1 7705 3584 843257.35 60946.56 1.20 5735 50
1 7669 3586 321314.61 63921.52 0.96 6015 40
1 7717 3585 1895178.14 39418.00 1.20 6065 40
1 7681 3584 862515.16 63072.64 48.16 5935 72
1 7717 3586 338405.43 64412.32 0.96 6065 40
1 7669 3585 1896137.72 39418.00 1.20 6065 45
1 7705 3584 880781.74 63583.84 1.20 5985 50
1 7669 3586 355598.15 63921.76 0.96 6015 40
1 7717 3585 1919307.54 39417.04 1.20 6065 45
1 7681 3584 898996.86 63071.92 1.20 5935 50
1 7717 3586 372757.73 63922.00 0.96 6015 40
1 7669 3585 1929602.70 39841.92 1.20 6165 40
1 7705 3584 917247.13 63072.80 1.20 5935 50
1 7669 3586 389916.25 63921.76 0.96 6015 40
1 7717 3585 1928757.73 39417.76 1.20 6065 45
1 7681 3584 935467.73 63072.88 1.20 5935 50
1 7717 3586 407038.66 64412.80 0.96 6065 40
1 7669 3585 1930239.56 47191.52 1.20 5115 45
1 7705 3584 953747.87 63584.00 1.20 5985 50
1 7669 3586 424207.27 63921.76 0.96 6015 40
1 7717 3585 1924992.90 44011.76 1.20 5415 45
1 7681 3584 971964.68 63072.64 1.20 5935 50
1 7717 3586 441336.25 63390.08 47.92 5965 62
1 7669 3585 1923333.64 39841.76 1.20 6165 40
1 7705 3584 990687.08 62540.96 1.20 5885 50
1 7669 3586 459204.06 63921.52 0.96 6015 40
1 7717 3585 1923179.72 39418.00 1.20 6065 50
1 7681 3584 1009126.38 63072.80 1.20 5935 50
1 7717 3586 476312.00 64412.56 0.96 6065 40
1 7669 3585 1923163.42 39417.76 47.92 6065 67
1 7705 3584 1028592.07 62521.12 1.20 5885 50
1 7669 3586 493498.95 63921.28 0.96 6015 40
1 7717 3585 1922051.07 39418.00 1.20 6065 45
1 7681 3584 1047840.18 62009.36 48.16 5835 72
1 7717 3586 510637.25 63390.32 0.96 5965 40
1 7669 3585 1923147.02 45528.56 1.20 6065 40
1 7705 3584 1066610.22 63072.64 1.20 5935 50
1 7669 3586 528483.04 63921.76 0.96 6015 40
1 7717 3585 1914890.53 52943.20 1.20 3650 50
1 7681 3584 1085312.78 62009.28 1.20 5835 50
1 7717 3586 545804.01 63880.88 0.96 6015 40
1 7669 3585 1879995.16 54743.44 0.96 3750 45
1 7705 3584 1105758.42 61457.52 1.20 5785 50
1 7669 3586 563608.25 62327.36 0.96 5865 40
1 7717 3585 1841315.63 53752.24 1.20 3879 50
1 7710 3584 1126301.09 60946.40 1.20 5735 50
1 7717 3586 582684.06 63922.00 0.96 6015 40
1 7669 3585 1809038.37 51112.96 1.20 4172 40
1 7705 3584 1147753.88 62009.52 1.20 5835 50
1 7669 3586 599846.50 63921.60 0.96 6015 40
1 7717 3585 1795754.28 44456.80 1.20 5765 45
1 7681 3584 1166081.21 63072.80 1.20 5935 50
1 7717 3586 616955.54 64412.56 4.08 6065 72
1 7669 3585 1772598.26 48590.64 1.20 5865 45
1 7705 3584 1184358.08 63583.92 1.20 5985 50
1 7669 3586 634146.04 63921.44 45.04 6015 35
1 7717 3585 1797986.38 31651.04 0.96 6065 45
1 7681 3584 1202550.22 63072.64 1.20 5935 50
1 7717 3586 651291.80 63921.76 0.96 6015 40
1 7669 3585 1822236.08 32884.24 48.16 6165 67
1 7705 3584 1222056.04 62009.44 1.20 5835 50
1 7669 3586 668440.99 63921.28 0.96 6015 40
1 7717 3585 1803495.44 57927.28 1.20 6065 45
1 7681 3584 1240739.67 62541.36 48.16 5885 72
1 7717 3586 685557.77 64412.56 0.96 6065 40
1 7669 3585 1756773.32 57927.28 1.20 6065 45
1 7705 3584 1257277.16 63583.84 1.20 5985 50
1 7669 3586 702738.75 63922.00 0.96 6015 40
1 7717 3585 1710368.78 57927.28 1.20 6065 45
1 7681 3584 1258447.29 63072.00 1.20 5935 50
1 7717 3586 719886.12 63921.76 0.96 6015 40
1 7669 3585 1686284.64 58555.36 1.20 6165 40
1 7705 3584 1257213.29 63072.80 1.20 5935 50
1 7669 3586 737042.78 63921.68 0.96 6015 40
1 7717 3585 1646452.55 57927.28 1.20 6065 45
1 7687 3584 1258427.45 60880.56 1.20 5758 50
1 7717 3586 754148.36 64412.80 0.96 6065 40
1 7669 3585 1599137.68 57927.52 1.20 6065 45
1 7705 3584 1258259.37 63583.92 1.20 5985 50
1 7669 3586 771336.10 63921.76 0.96 6015 40
1 7717 3585 1553267.05 57927.12 1.20 6065 45
1 7681 3584 1252691.36 63072.64 1.20 5935 50
1 7717 3586 788984.18 63390.32 0.96 5965 40
1 7669 3585 1516313.03 58075.04 1.20 6115 40
1 7705 3584 1249759.04 63072.32 10.56 5935 50
1 7669 3586 806313.56 63921.28 47.92 6015 67
1 7717 3585 1508347.87 57927.12 1.20 6065 50
1 7682 3584 1249408.26 63072.96 1.20 5935 50
1 7717 3586 824057.84 63880.88 0.96 6015 40
1 7657 3585 1500106.02 57446.32 48.96 6015 109
1 7705 3584 1252135.41 61702.96 1.20 5808 50
1 7669 3586 841313.81 63921.60 0.96 6015 40
1 7729 3585 1491916.23 57927.04 1.20 6065 45
1 7681 3584 1254558.15 62009.60 1.20 5835 50
1 7717 3586 858471.80 63922.00 0.96 6015 40
1 7669 3585 1468169.72 62975.28 1.20 6165 40
1 7693 3584 1254617.27 63072.40 48.16 5935 72
1 7669 3586 875606.38 63921.76 0.96 6015 40
1 7717 3585 1432569.13 67313.76 1.20 6065 45
1 7693 3584 1252894.59 63072.64 1.20 5935 50
1 7717 3586 892725.55 64412.56 0.96 6065 40
1 7669 3585 1343786.37 62048.40 1.20 5215 45
1 7693 3584 1252161.59 63583.20 1.20 5985 50
1 7669 3586 909894.88 63922.00 0.96 6015 40
1 7717 3585 1322272.54 64306.88 1.20 5365 45
1 7693 3584 1252488.23 62541.20 1.20 5885 50
1 7717 3586 928163.66 62930.24 0.96 5922 40
1 7669 3585 1312450.09 64490.96 1.20 5415 40
1 7693 3584 1252892.19 63072.64 1.20 5935 50
1 7669 3586 945509.00 63921.76 0.96 6015 40
1 7717 3585 1304187.95 55292.80 1.20 5515 45
1 7693 3584 1252848.73 63072.64 1.20 5935 50
1 7717 3586 963330.83 63881.12 0.96 6015 40
1 7669 3585 1331491.84 36346.88 1.20 6065 50
1 7693 3584 1250471.46 63583.92 1.20 5985 45
1 7669 3586 980481.13 63921.52 47.92 6015 67
1 7717 3585 1358039.91 53734.16 0.96 5365 40
1 7694 3584 1250126.92 62009.04 10.96 5835 50
1 7717 3586 997638.03 63921.76 0.96 6015 40
1 7669 3585 1371009.33 38904.96 48.16 6015 77
1 7705 3584 1252612.53 62010.00 1.20 5835 50
1 7669 3586 1014796.87 63921.28 0.96 6015 40
1 7717 3585 1408551.08 36346.88 1.20 6065 50
1 7693 3584 1252784.06 63072.96 94.72 5935 98
1 7717 3586 1031917.28 64412.40 0.96 6065 40
1 7669 3585 1446148.13 36347.12 1.20 6065 50
1 7693 3584 1252699.94 63583.60 1.20 5985 50
1 7669 3586 1049094.92 63921.76 0.96 6015 40
1 7717 3585 1472223.10 54337.28 1.20 5415 50
1 7681 3584 1249846.72 63072.56 5.28 5935 50
1 7705 3586 1066240.80 63922.00 0.96 6015 40
1 7669 3585 1481200.34 38905.68 1.20 5965 40
1 7705 3584 1248247.96 63072.16 1.20 5935 50
1 7681 3586 1083943.31 63390.08 0.96 5965 40
1 7717 3585 1521489.46 36045.60 1.20 6015 45
1 7681 3584 1248089.48 63072.64 1.20 5935 50
1 7705 3586 1101184.51 64412.80 0.96 6065 40
1 7669 3585 1552522.28 51357.28 1.20 5765 50
1 7705 3584 1248113.73 63584.00 1.20 5985 50
1 7681 3586 1118381.61 63921.76 0.96 6015 40
1 7717 3585 1557953.74 44205.92 0.96 5815 45
1 7681 3584 1249337.23 62009.60 1.20 5835 50
1 7705 3586 1135546.91 63921.76 0.96 6015 40
1 7669 3585 1596486.81 40965.28 1.20 6165 50
1 7705 3584 1249346.96 63072.64 1.20 5935 50
1 7681 3586 1152687.00 63922.00 4.32 6015 40
1 7717 3585 1616882.82 50299.60 1.20 4715 50
1 7682 3584 1249007.87 63072.96 1.20 5935 50
1 7705 3586 1169778.75 64412.32 44.56 6065 67
1 7669 3585 1652209.26 39417.68 48.16 6065 77
1 7705 3584 1249183.97 62520.88 1.20 5885 50
1 7681 3586 1186967.93 63921.76 0.96 6015 40
1 7705 3585 1690540.52 39418.00 1.20 6065 50
1 7681 3584 1250746.22 63072.64 48.16 5935 72
1 7705 3586 1204685.55 63389.60 0.96 5965 40
1 7681 3585 1723160.16 39841.68 1.20 6165 40
1 7705 3584 1249567.99 63072.40 1.20 5935 50
1 7681 3586 1220528.06 63921.76 0.96 6015 40
1 7717 3585 1760928.58 41624.80 1.20 6065 50
1 7681 3584 1247349.44 63072.40 50.32 5935 72
1 7705 3586 1224337.52 64412.80 0.96 6065 40
1 7669 3585 1789039.58 51598.80 1.20 5029 50
1 7706 3584 1247605.36 63051.68 1.20 5935 50
1 7681 3586 1224105.33 63921.76 0.96 6015 40
1 7717 3585 1799841.08 57585.04 1.20 3943 50
1 7849 3584 1248275.14 63072.88 1.20 5935 50
1 7705 3586 1224109.69 63921.68 0.96 6015 40
1 7669 3585 1788456.58 57861.12 1.20 3993 50
1 9623 3584 1248191.84 63072.64 1.20 5935 50
1 7681 3586 1224132.38 63921.76 0.96 6015 40
1 7705 3585 1751625.87 57759.36 1.20 4165 50
1 9599 3584 1248105.10 63072.80 1.20 5935 50
1 7705 3586 1223552.82 64412.80 0.96 6065 40
1 7681 3585 1728693.01 57662.56 0.96 4415 45
1 9635 3584 1248290.64 63584.08 1.20 5985 50
1 7681 3586 1223458.68 63390.32 0.96 5965 40
1 7693 3585 1659748.73 65360.16 1.20 5415 40
1 9611 3584 1248094.28 63072.64 1.20 5935 50
1 7693 3586 1224069.77 63921.52 47.92 6015 62
1 7693 3585 1617580.11 67306.88 48.16 6015 67
1 9623 3584 1248039.35 62010.00 1.20 5835 50
1 7693 3586 1224165.63 63921.52 0.96 6015 40
1 7693 3585 1551317.94 63319.20 1.20 6065 45
1 9611 3584 1248206.10 63073.20 1.20 5935 50
1 7693 3586 1224283.01 64412.00 0.96 6065 40
1 7693 3585 1521098.61 58413.60 1.20 6065 45
1 9623 3584 1248149.16 63583.68 1.20 5985 50
1 7693 3586 1224227.08 63921.76 0.96 6015 40
1 7693 3585 1488766.44 57927.12 1.20 6065 45
1 9599 3584 1246517.48 63072.64 55.20 5935 92
1 7705 3586 1225674.04 63921.76 0.96 6015 40
1 7693 3585 1461698.83 58555.60 1.20 6165 40
1 9635 3584 1246635.03 63071.92 43.28 5935 50
1 7681 3586 1223539.78 62858.64 0.96 5915 40
1 7681 3585 1427823.09 56965.84 1.20 5965 45
1 9599 3584 1246570.27 63072.88 1.20 5935 50
1 7693 3586 1225005.97 64412.56 0.96 6065 40
1 7705 3585 1381604.71 57927.28 1.20 6065 50
1 9635 3584 1246571.56 63584.00 1.20 5985 50
1 7693 3586 1225807.50 63390.56 0.96 5965 40
1 7681 3585 1339301.95 57927.28 1.20 6065 50
1 9599 3584 1244966.09 63072.64 1.20 5935 50
1 7669 3586 1225884.63 63921.76 0.96 6015 40
1 7705 3585 1319792.79 58555.76 0.96 6165 45
1 9635 3584 1246671.52 63072.64 1.20 5935 50
1 7717 3586 1226015.28 63921.76 0.96 6015 40
1 9251 3585 1318037.95 57927.20 1.20 6065 50
1 9599 3584 1247377.12 63072.64 1.20 5935 50
1 7705 3586 1225809.67 64412.40 0.96 6065 40
1 9647 3585 1316277.70 57926.88 48.16 6065 77
1 9635 3584 1248891.40 62520.88 1.20 5885 50
1 7681 3586 1225770.16 63921.60 0.96 6015 40
1 9599 3585 1314861.55 57927.12 1.20 6065 50
1 9599 3584 1248956.51 63072.72 1.20 5935 50
1 7681 3586 1224262.77 63921.60 4.08 6015 72
1 9635 3585 1318669.65 58555.28 1.20 6165 50
1 9635 3584 1248800.04 63072.88 1.20 5935 50
1 7705 3586 1225164.59 63921.44 45.04 6015 35
1 9599 3585 1324125.92 62347.20 1.20 6065 50
1 9599 3584 1251257.20 60128.32 48.16 5658 72
1 7693 3586 1226312.96 63421.28 0.96 5972 40
1 9635 3585 1332275.90 66832.88 1.20 6022 50
1 9635 3584 1252051.91 63583.36 1.20 5985 50
1 7693 3586 1226535.84 63921.68 0.96 6015 40
1 9599 3585 1328290.52 62008.24 1.20 5215 50
1 9599 3584 1251937.26 63072.80 1.20 5935 50
1 7681 3586 1226528.79 63921.76 0.96 6015 40
1 9635 3585 1326731.50 62680.96 1.20 5265 50
1 9635 3584 1252045.19 63073.20 1.20 5935 50
1 7705 3586 1226566.53 63921.76 0.96 6015 40
1 9599 3585 1319587.17 63703.60 1.20 5315 50
1 9599 3584 1254664.54 59816.88 1.20 5658 50
1 7669 3586 1225555.96 64412.40 0.96 6065 40
1 9635 3585 1311125.17 51407.76 1.20 5815 50
1 9635 3584 1257213.32 63583.84 1.20 5985 50
1 7717 3586 1223813.03 63921.60 0.96 6015 40
1 9611 3585 1323229.28 61574.72 1.20 6015 50
1 9599 3584 1257201.74 61192.32 1.20 5758 50
1 7669 3586 1225550.74 62858.88 0.96 5915 40
1 9623 3585 1307729.94 65693.76 48.16 5865 77
1 9635 3584 1264362.35 60128.56 1.20 5658 50
1 7717 3586 1226051.13 63921.76 0.96 6015 40
1 9587 3585 1320921.81 46567.68 1.20 5965 45
1 9599 3584 1264707.45 63073.04 1.20 5935 50
1 7669 3586 1225687.78 64412.56 0.96 6065 40
1 9647 3585 1320268.78 52010.64 1.20 5865 45
1 9635 3584 1264758.63 63583.84 1.20 5985 50
1 8868 3586 1225723.89 63921.76 0.96 6015 40
1 9587 3585 1340293.58 57956.00 1.20 5715 45
1 9599 3584 1263070.81 63072.64 48.16 5935 72
1 9599 3586 1226185.62 63921.52 47.92 6015 67
1 9647 3585 1349225.61 38905.20 1.20 6015 40
1 9635 3584 1263322.67 62010.16 1.20 5835 50
1 9635 3586 1226525.55 63921.76 0.96 6015 40
1 9587 3585 1385985.64 47774.16 1.20 6065 45
1 9599 3584 1264673.91 63072.16 1.20 5935 50
1 9599 3586 1222008.40 64412.56 0.96 6065 40
1 9647 3585 1379446.99 62639.92 1.20 4865 45
1 9663 3584 1260716.22 63583.84 1.20 5985 50
1 9635 3586 1223618.08 63921.76 0.96 6015 40
1 9587 3585 1380436.79 57959.28 1.20 4465 45
1 9599 3584 1261923.11 60946.16 1.20 5735 50
1 9599 3586 1224523.41 63390.32 0.96 5965 40
1 9647 3585 1385891.85 62732.56 1.20 4865 45
1 9635 3584 1265658.42 61191.52 1.20 5758 50
1 9635 3586 1224850.44 63921.84 0.96 6015 40
1 9587 3585 1392202.94 59267.84 1.20 4565 50
1 9599 3584 1266514.14 63073.44 1.20 5935 50
1 9599 3586 1224967.73 64412.56 0.96 6065 40
1 9647 3585 1393884.09 60575.60 48.16 4665 72
1 9635 3584 1264793.79 62520.56 1.20 5885 50
1 9635 3586 1225025.38 63922.00 0.96 6015 40
1 9587 3585 1391977.40 66617.52 1.20 5515 50
1 9599 3584 1262973.35 63072.88 1.20 5935 50
1 9599 3586 1224497.63 63921.28 0.96 6015 45
1 9647 3585 1385826.58 68109.92 1.20 5715 50
1 9635 3584 1262310.24 63072.56 1.20 5935 50
1 9635 3586 1223363.26 63921.76 0.96 6015 40
1 9587 3585 1360867.81 65513.28 0.96 5465 45
1 9599 3584 1256450.87 61942.96 48.16 5858 72
1 9599 3586 1223354.18 64412.56 0.96 6065 40
1 9647 3585 1368197.92 50804.64 1.20 5765 50
1 9635 3584 1257148.79 63583.92 1.20 5985 50
1 9635 3586 1223910.22 63922.00 3.68 6015 62
1 9587 3585 1393495.07 36347.12 1.20 6065 50
1 9599 3584 1257067.14 63072.16 1.20 5935 50
1 9599 3586 1225930.61 63389.84 45.20 5965 40
1 9647 3585 1420363.00 40362.16 1.20 6065 35
1 9640 3584 1261162.07 57185.12 1.20 5381 45
1 9635 3586 1226660.52 63390.32 0.96 5965 40
1 9587 3585 1422354.42 55292.80 1.20 5515 45
1 9599 3584 1266265.03 63072.56 1.20 5935 50
1 9599 3586 1227010.38 64412.80 0.96 6065 40
1 9647 3585 1438468.92 36346.88 1.20 6065 45
1 9635 3584 1264826.90 63583.68 1.20 5985 50
1 9635 3586 1227057.42 63921.60 0.96 6015 40
1 9587 3585 1444434.48 56146.64 1.20 5565 45
1 9599 3584 1264709.91 63072.80 1.20 5935 50
1 9599 3586 1227096.00 63922.00 0.96 6015 40
1 9647 3585 1429087.67 38603.52 48.16 5965 67
1 9623 3584 1264056.07 62009.04 23.12 5835 51
1 9635 3586 1225373.23 63921.76 0.96 6015 40
1 9587 3585 1469951.71 36346.88 1.20 6065 50
1 9611 3584 1260672.08 63072.64 1.20 5935 50
1 9599 3586 1226270.09 64412.80 0.96 6065 40
1 9647 3585 1507690.65 46532.32 1.20 5365 50
1 9623 3584 1260019.90 63583.76 1.20 5985 50
1 9635 3586 1227040.80 63389.84 0.96 5965 40
1 9587 3585 1521935.32 41793.92 1.20 5565 50
1 9611 3584 1258571.62 63072.64 48.16 5935 72
1 9599 3586 1227073.21 63921.76 0.96 6015 40
1 9647 3585 1560659.45 36740.08 1.20 6165 50
1 9623 3584 1258388.37 63072.64 1.20 5935 50
1 9635 3586 1228184.80 63389.84 0.96 5965 40
1 9587 3585 1602466.74 36346.88 1.20 6065 50
1 9611 3584 1258424.08 63072.16 1.20 5935 50
1 9599 3586 1227921.15 64412.32 47.92 6065 62
1 9647 3585 1643080.69 36347.12 1.20 6065 50
1 9623 3584 1256933.88 62520.88 1.20 5885 50
1 9635 3586 1228973.53 62858.64 0.96 5915 40
1 9589 3585 1679463.86 36346.16 7.52 6065 50
1 9611 3584 1259053.64 62009.52 1.20 5835 50
1 9599 3586 1230197.83 62858.64 0.96 5915 40
1 9647 3585 1722052.34 40362.16 1.20 6115 50
1 9623 3584 1261145.49 62009.28 1.20 5835 50
1 9635 3586 1230608.27 63922.00 0.96 6015 40
1 9587 3585 1752349.64 49262.08 1.20 4965 50
1 9611 3584 1255541.73 63072.80 1.20 5935 50
1 9599 3586 1230116.18 63952.48 0.96 6022 40
1 9647 3585 1793324.93 36045.44 48.16 6015 72
1 9623 3584 1253790.32 62520.72 6.24 5885 55
1 9635 3586 1230406.95 63922.00 0.96 6015 40
1 9587 3585 1831998.45 47702.96 1.20 4865 50
1 9611 3584 1254014.76 63072.40 15.36 5935 46
1 9599 3586 1230179.81 63921.76 0.96 6015 40
1 9647 3585 1861639.20 41924.64 1.20 5865 50
1 9623 3584 1253768.12 63073.20 1.20 5935 50
1 9635 3586 1230385.52 63921.28 0.96 6015 40
1 9587 3585 1886097.30 52244.48 0.96 4365 45
1 9611 3584 1252937.79 62009.44 94.72 5835 98
1 9599 3586 1230357.49 64412.56 0.96 6065 40
1 9647 3585 1857984.88 54656.96 1.20 4565 45
1 9623 3584 1253955.61 63583.84 1.20 5985 50
1 9635 3586 1231393.74 63921.76 0.96 6015 40
1 9587 3585 1821641.66 54656.96 1.20 4565 45
1 9611 3584 1253987.00 63072.32 1.20 5935 50
1 9599 3586 1229440.27 63921.76 0.96 6015 40
1 9647 3585 1811991.12 58459.76 1.20 4915 40
1 9623 3584 1254015.10 63072.80 1.20 5935 50
1 9635 3586 1230439.09 63390.08 47.92 5965 62
1 9587 3585 1769183.47 65395.04 1.20 5815 40
1 9611 3584 1254127.63 62009.36 1.20 5835 50
1 9599 3586 1230074.67 63421.04 0.96 5972 40
1 9647 3585 1722547.48 67237.20 1.20 6015 45
1 9623 3584 1255648.02 63584.40 1.20 5985 50
1 9635 3586 1230032.31 63921.84 0.96 6015 40
1 9587 3585 1650827.01 67236.96 1.20 6015 45
1 9611 3584 1255409.73 62009.60 1.20 5835 50
1 9599 3586 1229111.28 63922.00 0.96 6015 40
1 9647 3585 1596218.97 68529.84 48.16 6165 67
1 9623 3584 1255910.26 62009.52 1.20 5835 50
1 9635 3586 1227289.76 63921.76 0.96 6015 40
1 9587 3585 1514083.06 64425.52 1.20 5765 40
1 9611 3584 1254262.27 63072.56 1.20 5935 50
1 9599 3586 1227633.93 64412.80 0.96 6065 40
1 9647 3585 1435585.15 65550.00 1.20 5865 45
1 9611 3584 1254019.11 63584.40 1.20 5985 50
1 9635 3586 1227897.73 62326.72 0.96 5865 40
1 9587 3585 1379165.39 64987.84 0.96 5815 45
1 9623 3584 1252716.18 62009.60 1.20 5835 50
1 9599 3586 1229416.69 63921.76 0.96 6015 40
1 9716 3585 1320943.95 67404.96 336.08 6065 239
1 9611 3584 1257896.72 59065.52 48.16 5558 72
1 9635 3586 1230009.01 63390.08 0.96 5965 40
1 9621 3585 1267249.90 67236.72 313.12 6015 169
1 9623 3584 1261047.83 62254.64 1.20 5858 50
1 9599 3586 1230243.81 64412.56 0.96 6065 40
1 9665 3585 1227612.09 67799.36 1.20 6065 50
1 9623 3584 1260910.86 63583.84 1.20 5985 50
1 9635 3586 1230228.59 63921.76 0.96 6015 40
1 9630 3585 1202604.16 67798.56 321.52 6065 214
1 9613 3584 1262151.95 58554.16 1.20 5508 50
1 9599 3586 1230787.52 63390.32 0.96 5965 40
1 9647 3585 1181404.84 68529.44 1.20 6165 45
1 9611 3584 1267210.02 63072.88 1.20 5935 50
1 9635 3586 1231159.33 63922.00 0.96 6015 40
1 9607 3585 1173083.07 67799.20 0.72 6065 45
1 9623 3584 1267206.00 63072.64 1.20 5935 50
1 9587 3586 1230267.37 63952.72 0.96 6022 40
1 9647 3585 1170531.71 71055.04 48.16 5965 77
1 9623 3584 1268299.13 62520.80 1.20 5885 50
1 9647 3586 1229542.47 63921.68 0.96 6015 40
1 9597 3585 1168965.94 64552.16 214.08 5015 143
1 9611 3584 1267359.17 61191.76 1.20 5758 50
1 9587 3586 1229839.42 63390.32 4.08 5965 72
1 9667 3585 1175002.72 63386.24 96.72 4915 63
1 9611 3584 1270134.68 62009.44 1.20 5835 45
1 9647 3586 1230527.29 63920.80 92.00 6015 62
1 9587 3585 1181541.00 60576.08 1.44 4665 50
1 9623 3584 1271994.01 59065.92 1.20 5558 50
1 9587 3586 1230186.65 64412.56 0.96 6065 40
1 9647 3585 1185789.91 61884.24 9.60 4765 50
1 9611 3584 1274672.76 63583.84 48.16 5985 72
1 9647 3586 1231049.52 63921.76 0.96 6015 40
1 9587 3585 1193096.33 61884.24 4.16 4765 50
1 9623 3584 1274742.67 63072.80 1.20 5935 50
1 9587 3586 1228212.36 63921.76 0.96 6015 40
1 9667 3585 1195891.42 64039.52 0.96 4965 45
1 9611 3584 1274642.36 63072.16 1.20 5935 50
1 9647 3586 1230282.78 61264.24 0.96 5765 40
1 9587 3585 1200271.15 61883.76 7.12 4765 55
1 9623 3584 1269143.53 63072.64 1.20 5935 45
1 9587 3586 1231240.46 64412.56 0.96 6065 40
1 9665 3585 1206167.46 70234.80 319.60 5815 201
1 9611 3584 1269135.32 60640.24 1.20 5708 50
1 9647 3586 1231588.19 63390.32 0.96 5965 40
1 9599 3585 1203208.99 69734.72 120.16 5815 58
1 9623 3584 1271452.89 62009.12 1.20 5835 50
1 9587 3586 1231018.00 63922.00 0.96 6015 40
1 9700 3585 1200153.13 63886.88 904.96 5365 247
1 9611 3584 1277652.22 56939.36 1.20 5358 50
1 9647 3586 1231160.68 63921.84 0.96 6015 40
1 9596 3585 1193917.60 70941.04 87.60 5915 53
1 9623 3584 1277600.90 59883.68 14.64 5635 40
1 9587 3586 1231004.12 64412.56 0.96 6065 40
1 9660 3585 1200547.56 71543.04 208.16 5965 158
1 9611 3584 1282781.05 60573.20 20.16 5731 35
1 9647 3586 1230639.75 63921.28 0.96 6015 45
1 9588 3585 1198276.36 68528.24 206.80 5715 141
1 9623 3584 1286703.40 59311.12 1.20 5581 50
1 9587 3586 1230331.94 63921.76 0.96 6015 40
1 9635 3585 1134683.53 71727.68 103.84 6015 95
1 9611 3584 1289436.95 62254.88 94.72 5858 103
1 9647 3586 1231139.05 62326.96 0.96 5865 40
1 9601 3585 1158781.48 71543.60 375.84 5965 211
1 9623 3584 1289831.27 57936.00 1.20 5481 50
1 9587 3586 1231977.08 64412.56 0.96 6065 40
1 9635 3585 1154721.12 71543.76 1.20 5965 50
1 9611 3584 1292261.70 62520.32 1.20 5885 50
1 9647 3586 1233659.47 61867.04 47.92 5822 62
1 9599 3585 1140641.01 68006.96 91.68 5672 83
1 9623 3584 1289397.50 62254.96 1.20 5858 50
1 9587 3586 1235213.86 63922.00 0.96 6015 40
1 9635 3585 1139508.10 69315.20 47.84 5815 159
1 9611 3584 1291689.92 60879.92 1.20 5758 50
1 9647 3586 1234996.07 63921.84 0.96 6015 40
1 9615 3585 1126582.05 68526.40 253.44 5715 72
1 9623 3584 1296300.40 60374.48 1.20 5681 50
1 9587 3586 1230591.67 64412.56 0.96 6065 40
1 9635 3585 1104538.99 72145.04 25.36 6015 61
1 9611 3584 1296612.05 63583.76 1.20 5985 50
1 9647 3586 1231254.12 63922.00 0.96 6015 40
1 9603 3585 1078056.09 70335.68 102.48 5865 113
1 9623 3584 1297931.60 60946.00 3.92 5735 59
1 9587 3586 1232380.13 61795.52 0.96 5815 40
1 9658 3585 1072746.04 69917.44 82.88 5865 25
1 9611 3584 1298476.42 59882.96 27.12 5635 50
1 9647 3586 1233670.86 63922.00 0.96 6015 40
1 9636 3585 1070691.58 72750.08 5.28 6065 50
1 9623 3584 1294437.27 63072.56 5.28 5935 55
1 9587 3586 1234272.30 63880.40 0.96 6015 40
1 9635 3585 1097154.57 69734.16 1.20 5815 50
1 9611 3584 1265372.30 63583.36 48.16 5985 77
1 9647 3586 1235024.05 63390.32 0.96 5965 40
1 9599 3585 1116018.65 69734.56 1.20 5815 50
1 9826 3584 1234581.43 63072.64 1.20 5935 50
1 9587 3586 1236237.32 63921.52 0.96 6015 40
1 9637 3585 1119007.70 71123.60 119.60 5965 103
1 11528 3584 1266652.80 61191.04 6.24 5758 50
1 9647 3586 1235360.52 63921.76 0.96 6015 40
1 9609 3585 1119760.95 71544.08 52.16 5965 77
1 11552 3584 1277384.79 62255.12 1.20 5858 50
1 9587 3586 1233522.68 64412.32 0.96 6065 40
1 9623 3585 1119778.69 61934.64 10.96 4815 45
1 11528 3584 1276219.73 59045.28 1.20 5558 50
1 9647 3586 1232845.83 63921.36 47.92 6015 62
1 9611 3585 1116205.07 60575.36 1.20 4665 40
1 11552 3584 1277836.12 60128.56 1.20 5658 50
1 9587 3586 1231392.57 63921.92 0.96 6015 40
1 9635 3585 1145564.14 60114.80 48.16 4665 62
1 11528 3584 1283420.40 56939.68 1.20 5358 50
1 9647 3586 1230854.90 61795.52 0.96 5815 40
1 9599 3585 1161690.09 56650.88 1.20 4365 45
1 11552 3584 1289113.41 59065.20 1.20 5558 50
1 9587 3586 1232862.31 64412.56 0.96 6065 40
1 9635 3585 1181018.16 59267.20 14.16 4565 20
1 11528 3584 1289492.29 61702.72 6.24 5808 55
1 9647 3586 1232959.07 63922.00 0.96 6015 40
1 9599 3585 1188881.17 69581.44 6.40 5765 45
1 11552 3584 1289084.73 63072.56 48.16 5935 77
1 9587 3586 1231964.66 63921.28 0.96 6015 40
1 9635 3585 1129771.52 72329.36 11.20 6065 45
1 11528 3584 1287934.75 61192.00 1.20 5758 50
1 9647 3586 1229804.12 63921.76 0.96 6015 40
1 9599 3585 1153308.03 70941.12 13.84 5915 20
1 11552 3584 1288053.78 60946.32 1.20 5735 50
1 9587 3586 1229395.72 64412.56 0.96 6065 40
1 9645 3585 1177930.44 69734.48 50.72 5815 72
1 11528 3584 1288382.88 62520.48 1.20 5885 50
1 9647 3586 1228714.05 63921.68 0.96 6015 40
1 9599 3585 1186712.46 70941.20 1.20 5915 45
1 11552 3584 1291686.32 60946.40 1.20 5735 50
1 9587 3586 1227919.30 63921.76 0.96 6015 40
1 9635 3585 1187564.83 72934.00 1.20 6115 50
1 11528 3584 1291864.64 63072.88 1.20 5935 50
1 9647 3586 1228348.39 63390.32 0.96 5965 40
1 11120 3585 1185322.97 71543.36 151.28 5965 125
1 11540 3584 1294384.39 61191.76 1.20 5758 50
1 9587 3586 1228563.78 64412.32 47.92 6065 62
1 11573 3585 1174258.79 70941.20 3.92 5915 50
1 11540 3584 1293565.30 61457.60 1.20 5785 50
1 9647 3586 1228740.26 63921.76 0.96 6015 40
1 11529 3585 1156561.77 70940.48 14.16 5915 55
1 11552 3584 1292415.14 63072.64 1.20 5935 50
1 9587 3586 1228554.66 63921.76 0.96 6015 40
1 11566 3585 1137237.03 72331.28 109.60 6065 103
1 11528 3584 1286390.71 62010.08 1.20 5835 50
1 9647 3586 1227627.99 63921.76 0.96 6015 40
1 11528 3585 1081363.66 71543.84 1.20 5965 50
1 11540 3584 1280931.51 60946.56 94.72 5735 103
1 9587 3586 1222426.51 64412.08 0.96 6065 40
1 11552 3585 1063907.67 70941.12 0.72 5915 40
1 11540 3584 1275737.35 63583.84 1.20 5985 50
1 9647 3586 1225469.72 63921.76 0.96 6015 40
1 11540 3585 1088602.72 70940.48 20.80 5915 61
1 11540 3584 1271377.68 62009.52 1.20 5835 50
1 9587 3586 1225811.81 63390.32 0.96 5965 40
1 11553 3585 1066399.86 71726.96 10.00 6015 50
1 11540 3584 1272344.38 62009.52 1.20 5835 50
1 9647 3586 1226554.06 63921.68 0.96 6015 40
1 11529 3585 1056920.34 70337.84 13.92 5865 50
1 11540 3584 1272034.29 63072.64 1.20 5935 50
1 9587 3586 1226110.50 64412.80 0.96 6065 40
1 11646 3585 1083873.78 72145.92 201.28 6015 179
1 11540 3584 1270118.08 58513.36 1.20 5508 50
1 9647 3586 1226289.18 63921.76 0.96 6015 40
1 11538 3585 1105131.75 61280.88 1.20 4765 40
1 11540 3584 1277497.49 59597.28 0.96 5608 40
1 9587 3586 1226117.73 63921.76 0.96 6015 40
1 11552 3585 1125950.49 58805.68 49.44 4565 72
1 11528 3584 1279568.13 57716.56 1.20 5431 30
1 9635 3586 1226460.16 63922.00 4.08 6015 72
1 11528 3585 1148024.03 56650.64 0.96 4365 40
1 11553 3584 1286109.31 58002.16 10.88 5458 40
1 9599 3586 1228594.69 60691.04 45.04 5715 35
1 11552 3585 1172381.82 44115.12 14.64 4822 20
1 11528 3584 1294298.27 60640.08 0.72 5708 15
1 10941 3586 1231328.51 63922.00 0.96 6015 40
1 11529 3585 1217159.73 38763.44 109.84 5965 95
1 11552 3584 1295553.42 60373.28 52.40 5681 68
1 11528 3586 1231147.00 63921.28 0.96 6015 40
1 11552 3585 1260844.02 43770.40 1.20 6115 50
1 11528 3584 1297026.61 61191.76 7.20 5758 55
1 11552 3586 1231473.19 63921.76 0.96 6015 40
1 11529 3585 1288179.39 58612.64 6.88 4515 50
1 11552 3584 1298288.68 59597.44 0.96 5608 25
1 11528 3586 1231790.08 64412.56 0.96 6065 40
1 11552 3585 1309656.90 47896.72 1.20 5165 50
1 11528 3584 1303862.02 60394.88 1.44 5685 40
1 11564 3586 1231614.02 63921.76 0.96 6015 40
1 11540 3585 1348199.97 39417.76 56.72 6065 72
1 11552 3584 1303367.90 62009.12 1.20 5835 50
1 11516 3586 1231137.92 63921.68 0.96 6015 40
1 11553 3585 1384429.68 43770.00 40.80 6115 65
1 11528 3584 1304337.87 62009.52 1.20 5835 50
1 11564 3586 1230748.46 62858.64 0.96 5915 40
1 11552 3585 1423995.38 57304.24 30.24 4415 79
1 11552 3584 1305936.27 58247.76 6.96 5481 30
1 11516 3586 1232557.36 63881.36 0.96 6015 40
1 11552 3585 1441610.80 59920.08 91.20 4615 72
1 11528 3584 1315062.44 59045.52 1.44 5558 30
1 11552 3586 1232993.81 63921.60 3.68 6015 67
1 11540 3585 1451101.00 66566.48 60.32 5515 62
1 11552 3584 1317110.82 60945.92 11.44 5735 41
1 11528 3586 1232926.94 63921.44 47.92 6015 62
1 11541 3585 1455844.98 72330.56 51.04 6065 65
1 11529 3584 1314535.09 58999.20 6.88 5581 45
1 11552 3586 1232975.92 63921.44 92.16 6015 62
1 11547 3585 1455283.89 70336.88 7.36 5865 50
1 11552 3584 1310370.12 57185.12 94.48 5381 138
1 11528 3586 1232810.23 64412.08 0.96 6065 40
1 11557 3585 1438127.49 70940.72 64.40 5915 68
1 11528 3584 1313637.48 62519.84 1.20 5885 45
1 11552 3586 1227483.37 63921.68 0.96 6015 40
1 11564 3585 1417895.09 67322.00 15.12 5615 50
1 11552 3584 1278510.05 60946.40 1.20 5735 45
1 11528 3586 1228539.39 63921.76 0.96 6015 40
1 11517 3585 1361015.01 71728.16 49.76 6015 72
1 11516 3584 1270636.10 61191.76 1.20 5758 50
1 11552 3586 1229303.62 63461.52 0.96 5972 40
1 11564 3585 1324479.20 68528.48 46.72 5715 55
1 11564 3584 1306338.25 57756.32 1.20 5435 45
1 11528 3586 1229119.90 64412.72 0.96 6065 40
1 11540 3585 1276722.81 69130.96 5.28 5765 45
1 11528 3584 1306712.64 62520.48 1.20 5885 45
1 11540 3586 1229209.96 63922.00 0.96 6015 40
1 11540 3585 1249865.35 69734.72 1.20 5815 40
1 11552 3584 1300510.40 63072.64 1.20 5935 50
1 11540 3586 1230446.51 62858.64 0.96 5915 40
1 11540 3585 1179080.38 71727.20 51.84 6015 77
1 11529 3584 1305592.44 60129.04 1.20 5658 50
1 11540 3586 1231216.78 62858.40 0.96 5915 40
1 11579 3585 1141956.97 64908.88 53.36 5415 62
1 11552 3584 1306392.16 58534.08 3.44 5508 45
1 11540 3586 1232084.75 63881.12 0.96 6015 40
1 11517 3585 1134957.10 68528.24 5.92 5715 50
1 11516 3584 1306990.83 60639.76 7.36 5708 10
1 11528 3586 1230910.68 63921.76 0.96 6015 40
1 11564 3585 1130201.80 67925.60 3.92 5665 50
1 11564 3584 1299718.06 60945.92 2.00 5735 50
1 11552 3586 1231640.68 63921.44 47.92 6015 62
1 11541 3585 1135247.63 69918.32 8.64 5865 50
1 11516 3584 1302752.69 60374.32 48.16 5681 156
1 11528 3586 1230929.59 63921.28 0.96 6015 40
1 11564 3585 1140635.96 67322.00 0.96 5615 40
1 11564 3584 1301977.21 62008.96 1.20 5835 45
1 11552 3586 1231171.71 64412.56 0.96 6065 40
1 11517 3585 1144906.04 64305.92 12.96 5365 40
1 11516 3584 1296591.80 62362.48 1.20 5885 45
1 11540 3586 1231859.07 63922.00 0.96 6015 40
1 11564 3585 1148407.09 70337.76 5.28 5865 50
1 11565 3584 1291838.30 62008.80 49.92 5835 156
1 11540 3586 1230720.73 63921.76 0.96 6015 40
1 11528 3585 1154704.95 67506.32 20.96 5665 53
1 11516 3584 1290420.74 62009.52 1.20 5835 45
1 11516 3586 1229142.72 63921.76 0.96 6015 40
1 11577 3585 1150849.11 67924.64 167.84 5665 130
1 11564 3584 1295593.42 58002.48 1.20 5458 45
1 11564 3586 1230055.95 64412.56 0.96 6065 40
1 11516 3585 1152526.49 70337.44 48.16 5865 72
1 11516 3584 1290427.31 62520.72 45.52 5885 95
1 11528 3586 1230186.30 63389.76 0.96 5965 40
1 11564 3585 1150700.71 67924.88 5.28 5665 50
1 11564 3584 1287251.27 62254.88 1.76 5858 50
1 11552 3586 1231328.54 63390.56 0.96 5965 40
1 11504 3585 1157190.73 67506.40 1.20 5665 45
1 11517 3584 1290099.81 62009.52 1.20 5835 50
1 11516 3586 1230384.27 63921.76 0.96 6015 40
1 11576 3585 1148605.01 71544.08 1.20 5965 50
1 11564 3584 1288669.94 60128.00 46.64 5658 156
1 11564 3586 1227799.76 64412.80 0.96 6065 40
1 11504 3585 1146224.99 70940.48 6.24 5915 50
1 11517 3584 1289744.40 62520.48 47.92 5885 151
1 11528 3586 1227604.74 63921.28 0.96 6015 40
1 11576 3585 1147548.64 70337.84 5.28 5865 50
1 11564 3584 1236285.58 63072.56 4.72 5935 30
1 11540 3586 1227593.24 63921.52 47.92 6015 67
1 11504 3585 1143691.42 69919.04 0.96 5865 45
1 11516 3584 1267322.76 63072.40 1.44 5935 40
1 11540 3586 1227772.26 63921.84 0.96 6015 40
1 11588 3585 1138911.38 70940.96 6.48 5915 50
1 11564 3584 1277413.00 62009.04 1.20 5835 50
1 11552 3586 1227526.97 64412.72 0.96 6065 40
1 11504 3585 1131825.38 69131.36 1.20 5765 50
1 11516 3584 1273182.68 63583.76 46.64 5985 156
1 11528 3586 1229012.69 61575.12 0.96 5822 40
1 11585 3585 1131412.84 69131.52 94.00 5765 98
1 11564 3584 1273853.32 59617.68 1.20 5608 50
1 11552 3586 1231262.67 63921.92 0.96 6015 40
1 11516 3585 1127873.43 68711.84 53.44 5765 72
1 11516 3584 1273981.48 60946.64 1.20 5735 50
1 11516 3586 1231480.89 63922.00 0.96 6015 40
1 11581 3585 1128998.51 68527.20 32.40 5715 51
1 11564 3584 1275949.73 63072.64 1.20 5935 50
1 11564 3586 1234771.26 59240.40 0.96 5579 40
1 11504 3585 1134083.22 66801.12 14.40 5572 45
1 11516 3584 1270972.12 62520.72 4.56 5885 125
1 11516 3586 1239370.24 63921.84 0.96 6015 40
1 11577 3585 1135688.37 67322.48 7.28 5615 45
1 11620 3584 1213314.41 63072.08 87.76 5935 156
1 11564 3586 1240135.29 62327.20 0.96 5865 40
1 11504 3585 1133927.66 68109.52 1.20 5715 40
1 11516 3584 1255219.00 62009.52 1.20 5835 45
1 11516 3586 1239124.47 62326.48 0.96 5865 40
1 11586 3585 1140124.60 68528.72 1.20 5715 45
1 11564 3584 1269550.22 61192.00 1.20 5758 50
1 11564 3586 1242736.84 63881.04 0.96 6015 40
1 11511 3585 1143352.25 67322.48 1.20 5615 45
1 11516 3584 1266755.72 63584.24 1.20 5985 50
1 11516 3586 1244903.68 62930.16 0.96 5922 40
1 11576 3585 1146934.18 70420.16 1.20 5872 45
1 11564 3584 1260975.13 63072.00 1.20 5935 50
1 11564 3586 1245020.99 63921.76 0.96 6015 40
1 11528 3585 1146843.57 69315.84 1.20 5815 50
1 11516 3584 1221176.54 63072.72 1.20 5935 50
1 11516 3586 1245172.46 63922.00 0.96 6015 40
1 11552 3585 1147606.37 69131.68 1.20 5765 50
1 11564 3584 1244479.03 63072.88 1.20 5935 50
1 11564 3586 1245044.11 64412.56 0.96 6065 40
1 11552 3585 1145911.14 70337.36 53.84 5865 77
1 11516 3584 1262665.19 62520.48 1.20 5885 50
1 11516 3586 1245064.79 63921.76 4.08 6015 72
1 11529 3585 1147478.29 67321.52 16.16 5615 42
1 11564 3584 1263222.90 63072.72 1.20 5935 45
1 11564 3586 1242572.76 63921.52 45.04 6015 35
1 11552 3585 1144290.41 71124.80 88.32 5965 103
1 11516 3584 1263113.30 60946.16 2.80 5735 130
1 11516 3586 1241497.83 63921.76 0.96 6015 40
1 11533 3585 1141285.71 70336.64 5.28 5865 50
1 11564 3584 1258266.86 63072.96 38.48 5935 40
1 11564 3586 1241559.98 63881.12 0.96 6015 40
1 11504 3585 1136961.09 69131.36 8.96 5765 55
1 11516 3584 1257791.31 63583.60 48.16 5985 161
1 11516 3586 1234873.69 63921.28 0.96 6015 40
1 11576 3585 1135956.14 68528.16 8.96 5715 55
1 11564 3584 1251554.53 63072.64 1.20 5935 50
1 11564 3586 1234186.36 63921.76 0.96 6015 40
1 11504 3585 1135972.38 69919.04 14.80 5865 20
1 11516 3584 1255918.32 63072.96 1.20 5935 50
1 11516 3586 1232823.01 63921.76 0.96 6015 40
1 11588 3585 1132197.64 69734.72 7.92 5815 50
1 11552 3584 1254351.05 63073.20 4.24 5935 10
1 11564 3586 1229844.84 64412.72 0.96 6065 40
1 11512 3585 1129431.30 70337.60 48.32 5865 121
1 11529 3584 1252590.42 59509.60 14.96 5631 73
1 11516 3586 1225251.84 63921.76 0.96 6015 40
1 11599 3585 1131724.24 67924.72 72.40 5665 83
1 11540 3584 1261742.08 58753.52 1.20 5558 50
1 11564 3586 1226894.39 63921.76 0.96 6015 40
1 11535 3585 1132272.59 69919.04 49.44 5865 62
1 11540 3584 1269719.16 57935.52 1.20 5481 50
1 11516 3586 1226877.69 63390.32 0.96 5965 40
1 11607 3585 1134525.56 69131.68 1.20 5765 50
1 11540 3584 1272847.72 63073.04 1.20 5935 50
1 11564 3586 1227630.20 64412.32 47.92 6065 67
1 11525 3585 1136133.68 67322.00 1.20 5615 50
1 11540 3584 1273044.34 62454.64 1.20 5908 50
1 11516 3586 1227506.55 63921.76 0.96 6015 40
1 11607 3585 1133609.64 69734.24 5.28 5815 50
1 11540 3584 1272776.15 63072.64 1.20 5935 50
1 11564 3586 1227818.71 63921.76 0.96 6015 40
1 11535 3585 1136719.40 70521.20 5.28 5915 50
1 11540 3584 1272737.06 63072.80 1.20 5935 50
1 11516 3586 1227612.32 63921.28 0.96 6015 45
1 11607 3585 1137430.70 69131.84 1.20 5765 50
1 11540 3584 1269456.97 63072.64 48.16 5935 106
1 11552 3586 1227584.59 64412.48 0.96 6065 40
1 11526 3585 1138307.74 69131.36 37.12 5765 54
1 11540 3584 1267726.49 63583.60 1.20 5985 50
1 11528 3586 1227096.55 63922.00 0.96 6015 40
1 11619 3585 1118805.02 69734.32 1.20 5815 50
1 11540 3584 1267957.69 63072.16 11.20 5935 57
1 11565 3586 1226923.31 63921.52 7.28 6015 40
1 11535 3585 1087349.12 69919.12 0.96 5865 45
1 11541 3584 1269678.85 63072.40 1.20 5935 50
1 11516 3586 1227162.44 63389.84 0.96 5965 40
1 11637 3585 1126210.77 69131.84 14.40 5765 25
1 11540 3584 1270488.64 61192.40 1.20 5758 50
1 11552 3586 1227584.87 64412.72 0.96 6065 40
1 11535 3585 1136913.64 70337.60 38.72 5865 50
1 11540 3584 1223693.17 62520.48 1.20 5885 50
1 11529 3586 1227556.17 63921.36 7.28 6015 40
1 11596 3585 1136852.03 61281.04 6.96 4765 40
1 11540 3584 1265440.85 56872.48 0.48 5381 30
1 11553 3586 1227779.60 63921.92 0.96 6015 40
1 11535 3585 1145686.85 60114.40 7.12 4665 45
1 11547 3584 1281108.71 52686.56 27.92 4958 39
1 11528 3586 1228337.37 63390.32 0.96 5965 40
1 11607 3585 1163083.90 61230.08 18.16 4715 47
1 11540 3584 1287608.66 58002.56 0.48 5458 30
1 11552 3586 1228073.85 63880.88 7.28 6015 40
1 11535 3585 1173194.86 60576.08 1.20 4665 50
1 11540 3584 1292711.30 57138.72 0.72 5408 30
1 11529 3586 1228433.18 63921.52 47.92 6015 62
1 11607 3585 1186317.45 61975.84 25.04 4772 50
1 10809 3584 1299942.19 60946.00 47.92 5735 79
1 11552 3586 1228748.05 63389.60 0.96 5965 45
1 11525 3585 1194946.61 63529.52 6.88 4922 50
1 611 3584 1299496.44 62009.52 0.72 5835 40
1 11528 3586 1229228.00 63921.76 0.96 6015 40
1 11607 3585 1203433.82 67772.32 7.44 5615 50
1 719 3584 1303472.33 60946.40 1.20 5735 40
1 11552 3586 1230203.84 64412.64 0.96 6065 40
1 11535 3585 1202679.37 69131.04 7.20 5765 45
1 707 3584 1301927.73 63583.12 1.20 5985 50
1 11528 3586 1229245.94 63922.00 0.96 6015 40
1 11618 3585 1202183.61 69734.32 69.68 5815 77
1 719 3584 1304259.45 61192.00 1.20 5758 50
1 11552 3586 1229256.05 63921.52 7.28 6015 40
1 11525 3585 1202902.93 70522.24 13.76 5915 10
1 719 3584 1306961.83 63072.56 1.20 5935 50
1 11529 3586 1229301.55 63921.28 0.96 6015 40
1 11613 3585 1174770.26 70337.60 24.16 5865 22
1 719 3584 1307091.25 63072.64 1.20 5935 50
1 11553 3586 1228658.94 64412.56 4.08 6065 50
1 11538 3585 1165140.23 70337.76 20.88 5865 50
1 719 3584 1306877.38 63583.84 28.40 5985 82
1 11528 3586 1229785.49 62858.64 2.16 5915 35
1 11607 3585 1191522.42 69130.88 8.00 5765 50
1 719 3584 1304429.45 62255.28 1.20 5858 50
1 11552 3586 1231838.37 63921.28 0.96 6015 40
1 11505 3585 1179191.65 70522.16 1.20 5915 50
1 719 3584 1270961.63 63072.88 1.20 5935 50
1 11528 3586 1230124.41 63921.76 3.68 6015 45
1 11576 3585 1160224.62 69734.48 8.08 5815 50
1 707 3584 1261126.85 63071.68 6.80 5935 327
1 11552 3586 1229309.86 64411.84 3.28 6065 45
1 11525 3585 1147272.12 69734.72 14.88 5815 51
1 683 3584 1202116.48 63583.12 48.64 5985 259
1 11528 3586 1230362.82 63921.84 0.96 6015 40
1 11565 3585 1136510.63 70337.76 8.72 5865 50
1 719 3584 1227596.72 63071.92 8.96 5935 231
1 11552 3586 1228378.67 63921.52 0.96 6015 40
1 11093 3585 1126120.89 70522.08 29.12 5915 59
1 719 3584 1151556.32 60945.92 12.48 5735 381
1 11516 3586 1227934.90 63921.52 52.56 6015 62
1 1580 3585 1123289.17 69734.32 55.52 5815 72
1 719 3584 499615.74 60127.44 4.48 5658 171
1 11564 3586 1227554.39 64412.56 0.96 6065 40
1 719 3585 1121528.89 70941.20 14.40 5915 30
1 695 3584 46233.48 16580.72 3.68 1591 291
1 11516 3586 1227635.18 61263.84 0.96 5765 40
1 737 3585 1070053.05 70940.00 9.84 5915 35
1 719 3584 270.40 7223.28 0.00 759 425
1 11564 3586 1231744.93 63921.76 0.96 6015 40
1 739 3585 1063227.09 71810.24 16.80 6022 47
1 719 3584 443.83 7221.60 0.00 1083 425
1 11516 3586 1231671.46 63921.68 0.96 6015 40
1 750 3585 1098054.61 71543.12 41.04 5965 70
1 719 3584 739.64 7099.68 0.00 827 425
1 11564 3586 1232775.44 63349.20 0.96 5965 40
1 728 3585 1116880.58 70337.84 25.12 5865 20
1 707 3584 661.00 721.92 0.00 70 0
1 11528 3586 1233736.23 63922.00 0.96 6015 40
1 721 3585 1113728.87 72750.08 2.48 6065 35
1 719 3584 0.00 0.00 0.00 0 0
1 11552 3586 1233218.00 62858.16 3.92 5915 45
1 729 3585 1108140.17 77206.80 25.12 6022 45
1 191 3584 0.00 0.00 0.00 0 0
1 11516 3586 1233376.32 62858.64 3.28 5915 40
1 695 3585 1093272.12 76526.88 1.20 5572 40
1 0 3584 294241.15 12511.84 2.64 1177 10
1 11564 3586 1237973.04 63880.88 0.96 6015 40
1 719 3585 1087885.26 78938.40 1.20 5715 50
1 0 3584 191930.94 3269.12 182.56 323 176
1 11516 3586 1237210.33 63921.76 47.92 6015 67
1 719 3585 1027491.76 86074.96 17.68 5915 52
1 1 3584 308.25 19.36 4.24 15 10
1 11564 3586 1237242.59 62638.64 0.96 5922 40
1 719 3585 377551.79 62873.12 48.16 4209 72
1 0 3584 0.00 0.00 4.40 5 10
1 11528 3586 1239938.12 61795.52 0.72 5815 35
1 717 3585 262.75 7206.48 59.92 489 55
1 0 3584 0.00 0.00 4.40 5 10
1 11240 3586 1243348.66 63349.68 0.96 5965 40
1 758 3585 378.15 7616.32 49.52 722 53
1 0 3584 118.00 3.68 4.24 10 10
1 2169 3586 1246086.80 61335.44 0.96 5772 40
1 728 3585 558.98 7316.56 173.12 508 118
1 0 3584 0.00 0.00 4.40 5 10
1 599 3586 1245514.76 63390.32 0.96 5965 40
1 683 3585 324.88 6858.64 1.20 522 50
1 0 3584 0.00 0.00 4.40 5 10
1 599 3586 1254311.84 56019.84 0.96 5272 40
1 726 3585 544.76 7298.48 23.12 805 51
1 0 3584 0.00 0.00 4.40 5 10
1 599 3586 1255921.88 64412.24 1.20 6065 45
1 726 3585 766.87 7172.32 3.92 502 50
1 0 3584 0.00 0.00 6.40 5 20
1 599 3586 1254791.62 63921.92 0.96 6015 40
1 707 3585 345.05 7219.44 3.52 585 50
1 0 3584 0.00 0.00 6.64 5 10
1 587 3586 1255178.81 63390.08 0.96 5965 40
1 719 3585 386.63 7219.20 1.20 483 50
1 0 3584 372.00 7.36 4.08 15 10
1 599 3586 1256429.13 62858.64 0.96 5915 40
1 263 3585 265.68 2647.28 47.68 181 52
1 0 3584 0.00 0.00 2.24 10 15
1 599 3586 1254364.75 64412.56 0.96 6065 40
1 0 3585 0.00 0.00 0.00 5 5
1 0 3584 0.00 0.24 3.92 10 5
1 599 3586 1252646.86 63922.00 0.96 6015 40
1 0 3585 0.00 0.00 0.00 5 5
1 0 3584 0.00 0.00 0.00 5 5
1 587 3586 1253900.18 62327.20 3.68 5865 67
1 54 3585 339.75 553.12 54.40 80 54
1 0 3584 0.00 0.00 0.00 5 5
1 671 3586 1256081.68 59740.64 45.20 5622 30
1 1 3585 254.00 11.92 104.80 25 75
1 0 3584 0.00 0.00 0.00 5 5
1 719 3586 1256345.08 64412.56 0.96 6065 40
1 41 3585 390.86 420.00 39.76 65 53
1 0 3584 0.00 0.00 0.00 5 5
1 695 3586 1221919.79 62858.64 0.96 5915 40
1 22 3585 844.67 228.96 74.88 47 58
1 0 3584 0.00 0.00 0.00 5 5
1 719 3586 537636.99 63461.28 0.96 5972 45
1 0 3585 0.00 0.00 0.00 5 5
1 0 3584 0.00 0.00 0.00 5 5
1 707 3586 32029.46 14222.56 0.96 1479 40
1 0 3585 0.00 0.00 0.00 5 5
1 0 3584 0.00 0.00 0.00 5 5
1 719 3586 454.20 7219.20 0.96 942 40
1 0 3585 0.00 0.00 0.00 5 5
1 0 3584 0.00 0.00 0.00 5 5
1 719 3586 557.65 7219.20 0.96 789 40
1 0 3585 0.00 0.00 0.00 5 5
1 0 3584 0.00 0.00 0.00 10 15
1 719 3586 418.02 7219.20 0.96 716 40
1 0 3585 0.00 0.00 0.00 5 5
1 0 3584 0.00 0.00 0.00 5 5
1 719 3586 290.48 7219.20 0.96 871 40
1 0 3585 0.00 0.00 0.00 5 5
1 0 3584 0.00 0.00 0.00 5 5
1 719 3586 404.97 7219.20 0.96 760 40
1 0 3585 0.00 0.00 0.00 5 5
1 0 3584 0.00 0.00 0.00 5 5
1 371 3586 301.77 3730.16 47.92 475 62
1 0 3585 0.00 0.00 0.00 5 5
1 0 3584 0.00 0.00 0.00 5 5
1 107 3586 233.00 1082.88 0.96 113 40
1 0 3585 0.00 0.00 0.00 10 15
1 0 3584 0.00 0.00 0.00 5 5
1 119 3586 220.30 1203.20 0.96 144 40
1 0 3585 0.00 0.00 0.00 5 5
1 0 3584 0.00 0.00 0.00 5 5
1 119 3586 711.40 1203.20 0.96 240 40
1 0 3585 0.00 0.00 0.00 5 5
1 0 3584 0.00 0.00 0.00 5 5
1 119 3586 977.80 1203.20 0.96 126 45
1 0 3585 0.00 0.00 0.00 5 5
1 0 3584 0.00 0.00 0.00 5 5
1 119 3586 323.10 1203.20 0.96 121 40
1 0 3585 0.00 0.00 0.00 5 5
1 0 3584 0.00 0.00 0.00 5 5
1 119 3586 274.70 1203.20 0.96 125 40
1 0 3585 0.00 0.00 0.00 5 5
1 0 3584 0.00 0.00 0.00 10 15
1 119 3586 255.90 1203.20 0.96 125 40
1 0 3585 0.00 0.00 0.00 5 5
1 0 3584 0.00 0.00 0.00 5 5
1 119 3586 163.10 1203.20 0.96 125 40
1 0 3585 0.00 0.00 0.00 5 5
1 0 3584 0.00 0.00 0.00 5 5
1 119 3586 223.00 1203.20 0.96 125 40
1 0 3585 0.00 0.00 0.00 5 5
1 0 3584 0.00 0.00 0.00 5 5
1 35 3586 377.00 360.96 0.72 79 30
1 0 3585 0.00 0.00 0.00 5 5
1 0 3584 0.00 0.00 0.00 5 5
1 0 3586 0.00 0.00 0.00 5 5
1 0 3585 0.00 0.00 0.00 5 5
1 0 3584 0.00 0.00 0.00 5 5
1 0 3586 0.00 0.00 0.00 5 5
1 0 3585 0.00 0.00 0.00 10 10
1 0 3584 0.00 0.00 0.00 5 5
1 0 3586 0.00 0.00 0.00 5 5
1 0 3585 0.00 0.00 0.00 5 5
1 0 3584 0.00 0.00 0.00 5 5
1 0 3586 0.00 0.00 0.00 10 10
1 0 3585 0.00 0.00 0.00 5 5
1 0 3584 0.00 0.00 0.00 5 5
1 0 3586 0.00 0.00 0.00 5 5
1 0 3585 0.00 0.00 0.00 5 5
1 0 3584 0.00 0.00 0.00 5 5
1 0 3586 0.00 0.00 0.00 5 5
1 0 3585 0.00 0.00 0.00 5 5
1 0 3584 0.00 0.00 0.00 10 15
1 0 3586 0.00 0.00 0.00 5 5
1 0 3585 0.00 0.00 0.00 5 5
1 0 3584 0.00 0.00 0.00 5 5
1 0 3586 0.00 0.00 0.00 5 5
1 0 3585 0.00 0.00 0.00 5 5
1 0 3584 0.00 0.00 0.00 5 5
1 0 3586 0.00 0.00 0.00 5 5
1 0 3585 0.00 0.00 0.00 5 5
1 0 3584 0.00 0.00 0.00 5 5
1 0 3586 0.00 0.00 0.00 5 5
1 0 3585 0.00 0.00 0.00 5 5
1 0 3584 0.00 0.00 0.00 5 5
1 0 3586 0.00 0.00 0.00 5 5
1 0 3585 0.00 0.00 0.00 5 5
1 0 3584 0.00 0.00 0.00 5 5
1 0 3586 0.00 0.00 0.00 5 5
1 0 3585 0.00 0.00 0.00 10 15
1 0 3584 0.00 0.00 0.00 5 5
1 0 3586 0.00 0.00 0.00 5 5
1 0 3585 0.00 0.00 0.00 5 5
1 0 3584 0.00 0.00 0.00 5 5
1 0 3586 0.00 0.00 0.00 10 15
1 0 3585 0.00 0.00 0.00 5 5
1 0 3584 0.00 0.00 0.00 5 5
1 0 3586 0.00 0.00 0.00 5 5
1 0 3585 0.00 0.00 0.00 5 5
1 0 3584 0.00 0.00 0.00 5 5
1 0 3586 0.00 0.00 0.00 5 5
1 0 3585 0.00 0.00 0.00 5 5
1 0 3584 0.00 0.00 0.00 10 15
1 0 3586 0.00 0.00 0.00 5 5
1 0 3585 0.00 0.00 0.00 5 5
1 0 3584 0.00 0.00 0.00 5 5
1 0 3586 0.00 0.00 0.00 5 5
1 0 3585 0.00 0.00 0.00 5 5
1 0 3584 0.00 0.00 0.00 5 5
1 0 3586 0.00 0.00 0.00 5 5
1 0 3585 0.00 0.00 0.00 5 5
1 0 3584 0.00 0.00 0.00 5 5
1 0 3586 0.00 0.00 0.00 5 5
1 0 3585 0.00 0.00 0.00 5 5
1 0 3584 0.00 0.00 0.00 5 5
1 0 3586 0.00 0.00 0.00 5 5
1 0 3585 0.00 0.00 0.00 5 5
1 0 3584 0.00 0.00 0.00 5 5
1 0 3586 0.00 0.00 0.00 5 5
1 0 3585 0.00 0.00 0.00 5 5
1 0 3584 0.00 0.00 0.00 5 5
1 0 3586 0.00 0.00 0.00 5 5
1 0 3585 0.00 0.00 0.00 10 10
1 0 3584 0.00 0.00 0.00 5 5
1 0 3586 0.00 0.00 0.00 10 15
1 12 3585 389.33 124.24 13.92 32 46
1 0 3584 0.00 0.00 0.00 5 5
1 0 3586 0.00 0.00 0.00 5 5
1 0 3585 0.00 0.00 0.24 5 5
1 0 3584 0.00 0.00 0.00 5 5
1 0 3586 0.00 0.00 0.00 5 5
1 0 3585 0.00 0.00 0.00 5 5
1 0 3584 0.00 0.00 0.00 5 5
1 0 3586 0.00 0.00 0.00 5 5
1 0 3585 0.00 0.00 0.00 5 5
1 0 3584 0.00 0.00 0.00 10 10
1 0 3586 0.00 0.00 0.00 5 5
1 0 3585 0.00 0.00 0.00 5 5
1 0 3584 0.00 0.00 0.00 5 5
1 0 3586 0.00 0.00 0.00 5 5
1 0 3585 0.00 0.00 0.00 5 5
1 0 3584 0.00 0.00 0.00 5 5
1 0 3586 0.00 0.00 0.00 5 5
1 0 3585 0.00 0.00 0.00 5 5
1 0 3584 0.00 0.00 0.00 5 5
1 0 3586 0.00 0.00 0.00 5 5
1 0 3585 0.00 0.00 0.00 5 5
1 0 3584 0.00 0.00 0.00 5 5
1 0 3586 0.00 0.00 0.00 5 5
1 0 3585 0.00 0.00 0.00 5 5
1 0 3584 0.00 0.00 0.00 5 5
1 0 3586 0.00 0.00 0.00 5 5
1 0 3585 0.00 0.00 0.00 10 15
1 0 3584 0.00 0.00 0.00 5 5
1 0 3586 0.00 0.00 0.00 10 15
1 0 3585 0.00 0.00 0.00 5 5
1 0 3584 0.00 0.00 0.00 5 5
1 0 3586 0.00 0.00 0.00 5 5
1 0 3585 0.00 0.00 0.00 5 5
1 0 3584 0.00 0.00 0.00 5 5
1 0 3586 0.00 0.00 0.00 5 5
1 0 3585 0.00 0.00 0.00 5 5
1 0 3584 0.00 0.00 0.00 5 5
1 0 3586 0.00 0.00 0.00 5 5
1 0 3585 0.00 0.00 0.00 5 5
1 0 3584 0.00 0.00 0.00 10 15
1 0 3586 0.00 0.00 0.00 5 5
1 0 3585 0.00 0.00 0.00 5 5
1 0 3584 0.00 0.00 0.00 5 5
1 0 3586 0.00 0.00 0.00 5 5
1 0 3585 0.00 0.00 0.00 5 5
1 0 3584 0.00 0.00 0.00 5 5
1 0 3586 0.00 0.00 0.00 5 5
1 0 3585 0.00 0.00 0.00 5 5
1 0 3584 0.00 0.00 0.00 5 5
1 0 3586 0.00 0.00 0.00 5 5
1 0 3585 0.00 0.00 0.00 5 5
1 0 3584 0.00 0.00 0.00 5 5
1 0 3586 0.00 0.00 0.00 5 5
1 0 3585 0.00 0.00 0.00 5 5
1 0 3584 0.00 0.00 0.00 5 5
1 0 3586 0.00 0.00 0.00 5 5
1 0 3585 0.00 0.00 0.00 10 15
1 0 3584 0.00 0.00 0.00 5 5
1 0 3586 0.00 0.00 0.00 5 5
1 0 3585 0.00 0.00 0.00 5 5
1 0 3584 0.00 0.00 0.00 5 5
1 0 3586 0.00 0.00 0.00 10 10
1 0 3585 0.00 0.00 0.00 5 5
1 0 3584 0.00 0.00 0.00 5 5
1 0 3586 0.00 0.00 0.00 5 5
1 0 3585 0.00 0.00 0.00 5 5
1 0 3584 0.00 0.00 0.00 5 5
1 0 3586 0.00 0.00 0.00 5 5
1 0 3585 0.00 0.00 0.00 5 5
1 0 3584 0.00 0.00 0.00 10 15
1 0 3586 0.00 0.00 0.00 5 5
1 0 3585 0.00 0.00 0.00 5 5
1 0 3584 0.00 0.00 0.00 5 5
1 0 3586 0.00 0.00 0.00 5 5
1 0 3585 0.00 0.00 0.00 5 5
1 0 3584 0.00 0.00 0.00 5 5
1 0 3586 0.00 0.00 0.00 5 5
1 0 3585 0.00 0.00 0.00 5 5
1 0 3584 0.00 0.00 0.00 5 5
1 0 3586 0.00 0.00 0.00 5 5
1 0 3585 0.00 0.00 0.00 5 5
1 0 3584 0.00 0.00 0.00 5 5
1 0 3586 0.00 0.00 0.00 5 5
1 0 3585 0.00 0.00 0.00 5 5
1 0 3584 0.00 0.00 0.00 5 5
1 0 3586 0.00 0.00 0.00 5 5
1 0 3585 0.00 0.00 0.00 5 5
1 0 3584 0.00 0.00 0.00 5 5
1 0 3586 0.00 0.00 0.00 5 5
1 0 3585 0.00 0.00 0.00 10 10
1 0 3584 0.00 0.00 0.00 5 5
1 0 3586 0.00 0.00 0.00 10 15
1 0 3585 0.00 0.00 0.00 5 5
1 0 3584 0.00 0.00 0.00 5 5
1 0 3586 0.00 0.00 0.00 5 5
1 0 3585 0.00 0.00 0.00 5 5
1 0 3584 0.00 0.00 0.00 5 5
1 0 3586 0.00 0.00 0.00 5 5
1 0 3585 0.00 0.00 0.00 5 5
1 0 3584 0.00 0.00 0.00 10 15
1 0 3586 0.00 0.00 0.00 5 5
1 0 3585 0.00 0.00 0.00 5 5
1 0 3584 0.00 0.00 0.00 5 5
1 0 3586 0.00 0.00 0.00 5 5
