1 66910 3586 0.00 671965.84 1762.56 126504 11040
1 38734 3585 0.00 389050.00 3084.80 35974 7514
1 74432 3584 0.00 747516.00 2177.20 107886 12884
1 0 3586 0.00 0.00 0.00 5 5
1 0 3585 0.00 0.00 0.00 5 5
1 0 3584 0.00 0.00 0.00 5 5
1 0 3586 0.00 0.00 0.00 5 5
1 0 3585 0.00 0.00 0.00 5 5
1 0 3584 0.00 0.00 0.00 5 5
1 0 3586 0.00 0.00 0.00 5 5
1 0 3585 0.00 0.00 0.00 5 5
1 0 3584 0.00 0.00 0.00 5 5
1 0 3586 0.00 0.00 0.00 10 10
1 0 3585 0.00 0.00 0.00 5 5
1 0 3584 0.00 0.00 0.00 5 5
1 0 3586 0.00 0.00 0.00 5 5
1 0 3585 0.00 0.00 0.00 10 15
1 0 3584 0.00 0.00 0.00 5 5
1 0 3586 0.00 0.00 0.00 5 5
1 0 3585 0.00 0.00 0.00 5 5
1 0 3584 0.00 0.00 0.00 5 5
1 0 3586 0.00 0.00 0.00 5 5
1 0 3585 0.00 0.00 0.00 5 5
1 0 3584 0.00 0.00 0.00 5 5
1 0 3586 0.00 0.00 0.00 5 5
1 0 3585 0.00 0.00 0.00 5 5
1 0 3584 0.00 0.00 0.00 5 5
1 0 3586 0.00 0.00 0.00 5 5
1 0 3585 0.00 0.00 0.00 5 5
1 0 3584 0.00 0.00 0.00 10 15
1 0 3586 0.00 0.00 0.00 5 5
1 0 3585 0.00 0.00 0.00 5 5
1 0 3584 0.00 0.00 0.00 5 5
1 0 3586 0.00 0.00 0.00 5 5
1 0 3585 0.00 0.00 0.00 5 5
1 0 3584 0.00 0.00 0.00 5 5
1 0 3586 0.00 0.00 0.00 5 5
1 0 3585 0.00 0.00 0.00 5 5
1 0 3584 0.00 0.00 0.00 5 5
1 0 3586 0.00 0.00 0.00 5 5
1 0 3585 0.00 0.00 0.00 5 5
1 0 3584 0.00 0.00 0.00 5 5
1 0 3586 0.00 0.00 0.00 10 15
1 0 3585 0.00 0.00 0.00 5 5
1 0 3584 0.00 0.00 0.00 5 5
1 0 3586 0.00 0.00 0.00 5 5
1 0 3585 0.00 0.00 0.00 5 5
1 0 3584 0.00 0.00 0.00 5 5
1 0 3586 0.00 0.00 0.00 5 5
1 0 3585 0.00 0.00 0.00 10 10
1 0 3584 0.00 0.00 0.00 5 5
1 0 3586 0.00 0.00 0.00 5 5
1 0 3585 0.00 0.00 0.00 5 5
1 0 3584 0.00 0.00 0.00 5 5
1 0 3586 0.00 0.00 0.00 5 5
1 0 3585 0.00 0.00 0.00 5 5
1 0 3584 0.00 0.00 0.00 5 5
1 0 3586 0.00 0.00 0.00 5 5
1 0 3585 0.00 0.00 0.00 5 5
1 0 3584 0.00 0.00 0.00 10 15
1 0 3586 0.00 0.00 0.00 5 5
1 0 3585 0.00 0.00 0.00 5 5
1 0 3584 0.00 0.00 0.00 5 5
1 0 3586 0.00 0.00 0.00 5 5
1 0 3585 0.00 0.00 0.00 5 5
1 0 3584 0.00 0.00 0.00 5 5
1 0 3586 0.00 0.00 0.00 5 5
1 0 3585 0.00 0.00 0.00 5 5
1 0 3584 0.00 0.00 0.00 5 5
1 0 3586 0.00 0.00 0.00 5 5
1 0 3585 0.00 0.00 0.00 5 5
1 0 3584 0.00 0.00 0.00 5 5
1 0 3586 0.00 0.00 0.00 10 15
1 0 3585 0.00 0.00 0.00 5 5
1 0 3584 0.00 0.00 0.00 5 5
1 0 3586 0.00 0.00 0.00 5 5
1 0 3585 0.00 0.00 0.00 5 5
1 0 3584 0.00 0.00 0.00 5 5
1 0 3586 0.00 0.00 0.00 5 5
1 0 3585 0.00 0.00 0.00 10 15
1 0 3584 0.00 0.00 0.00 5 5
1 0 3586 0.00 0.00 0.00 5 5
1 0 3585 0.00 0.00 0.00 5 5
1 0 3584 0.00 0.00 0.00 5 5
1 0 3586 0.00 0.00 0.00 5 5
1 0 3585 0.00 0.00 0.00 5 5
1 0 3584 0.00 0.00 0.00 5 5
1 0 3586 0.00 0.00 0.00 5 5
1 0 3585 0.00 0.00 0.00 5 5
1 0 3584 0.00 0.00 0.00 10 15
1 0 3586 0.00 0.00 0.00 5 5
1 0 3585 0.00 0.00 0.00 5 5
1 0 3584 0.00 0.00 0.00 5 5
1 0 3586 0.00 0.00 0.00 5 5
1 0 3585 0.00 0.00 0.00 5 5
1 0 3584 0.00 0.00 0.00 5 5
1 0 3586 0.00 0.00 0.00 5 5
1 0 3585 0.00 0.00 0.00 5 5
1 0 3584 0.00 0.00 0.00 5 5
1 0 3586 0.00 0.00 0.00 5 5
1 0 3585 0.00 0.00 0.00 5 5
1 0 3584 0.00 0.00 0.00 5 5
1 0 3586 0.00 0.00 0.00 10 15
1 0 3585 0.00 0.00 0.00 5 5
1 0 3584 0.00 0.00 0.00 5 5
1 0 3586 0.00 0.00 0.00 5 5
1 0 3585 0.00 0.00 0.00 5 5
1 0 3584 0.00 0.00 0.00 5 5
1 0 3586 0.00 0.00 0.00 5 5
1 0 3585 0.00 0.00 0.00 10 15
1 0 3584 0.00 0.00 0.00 5 5
1 0 3586 0.00 0.00 0.00 5 5
1 0 3585 0.00 0.00 0.00 5 5
1 0 3584 0.00 0.00 0.00 5 5
1 0 3586 0.00 0.00 0.00 5 5
1 0 3585 0.00 0.00 0.00 5 5
1 0 3584 0.00 0.00 0.00 5 5
1 0 3586 0.00 0.00 0.00 5 5
1 0 3585 0.00 0.00 0.00 5 5
1 0 3584 0.00 0.00 0.00 10 15
1 0 3586 0.00 0.00 0.00 5 5
1 0 3585 0.00 0.00 0.00 5 5
1 0 3584 0.00 0.00 0.00 5 5
1 0 3586 0.00 0.00 0.00 5 5
1 0 3585 0.00 0.00 0.00 5 5
1 0 3584 0.00 0.00 0.00 5 5
1 0 3586 0.00 0.00 0.00 5 5
1 0 3585 0.00 0.00 0.00 5 5
1 0 3584 0.00 0.00 0.00 5 5
1 0 3586 0.00 0.00 0.00 5 5
1 0 3585 0.00 0.00 0.00 5 5
1 0 3584 0.00 0.00 0.00 5 5
1 0 3586 0.00 0.00 0.00 10 15
1 0 3585 0.00 0.00 0.00 5 5
1 0 3584 0.00 0.00 0.00 5 5
1 0 3586 0.00 0.00 0.00 5 5
1 0 3585 0.00 0.00 0.00 5 5
1 0 3584 0.00 0.00 0.00 5 5
1 0 3586 0.00 0.00 0.00 5 5
1 0 3585 0.00 0.00 0.00 5 5
1 0 3584 0.00 0.00 0.00 5 5
1 0 3586 0.00 0.00 0.00 5 5
1 0 3585 0.00 0.00 0.00 10 10
1 0 3584 0.00 0.00 0.00 5 5
1 0 3586 0.00 0.00 0.00 5 5
1 0 3585 0.00 0.00 0.00 5 5
1 0 3584 0.00 0.00 0.00 5 5
1 0 3586 0.00 0.00 0.00 5 5
1 0 3585 0.00 0.00 0.00 5 5
1 0 3584 0.00 0.00 0.00 5 5
1 0 3586 0.00 0.00 0.00 5 5
1 0 3585 0.00 0.00 0.00 5 5
1 0 3584 0.00 0.00 0.00 10 10
1 0 3586 0.00 0.00 0.00 5 5
1 0 3585 0.00 0.00 0.00 5 5
1 0 3584 0.00 0.00 0.00 5 5
1 0 3586 0.00 0.00 0.00 5 5
1 0 3585 0.00 0.00 0.00 5 5
1 0 3584 0.00 0.00 0.00 5 5
1 0 3586 0.00 0.00 0.00 5 5
1 0 3585 0.00 0.00 0.00 5 5
1 0 3584 0.00 0.00 0.00 5 5
1 0 3586 0.00 0.00 0.00 5 5
1 0 3585 0.00 0.00 0.00 5 5
1 0 3584 0.00 0.00 0.00 5 5
1 0 3586 0.00 0.00 0.00 10 10
1 0 3585 0.00 0.00 0.00 5 5
1 0 3584 0.00 0.00 0.00 5 5
1 0 3586 0.00 0.00 0.00 5 5
1 0 3585 0.00 0.00 0.00 5 5
1 0 3584 0.00 0.00 0.00 5 5
1 0 3586 0.00 0.00 0.00 5 5
1 0 3585 0.00 0.00 0.00 10 15
1 0 3584 0.00 0.00 0.00 5 5
1 0 3586 0.00 0.00 0.00 5 5
1 0 3585 0.00 0.00 0.00 5 5
1 0 3584 0.00 0.00 0.00 5 5
1 0 3586 0.00 0.00 0.00 5 5
1 0 3585 0.00 0.00 0.00 5 5
1 0 3584 0.00 0.00 0.00 5 5
1 0 3586 0.00 0.00 0.00 5 5
1 0 3585 0.00 0.00 0.00 5 5
1 0 3584 0.00 0.00 0.00 10 15
1 898 3586 797.39 8909.92 212.96 2782 230
1 0 3585 0.00 0.00 0.00 5 5
1 0 3584 0.00 0.00 0.00 5 5
1 1929 3586 697.63 19383.76 69.12 5455 116
1 0 3585 0.00 0.00 0.00 5 5
1 0 3584 0.00 0.00 0.00 5 5
1 1917 3586 690.45 19261.20 1.20 5120 50
1 0 3585 0.00 0.00 0.00 5 5
1 0 3584 0.00 0.00 0.00 5 5
1 1929 3586 672.20 19381.12 1.20 4775 50
1 0 3585 0.00 0.00 0.00 5 5
1 0 3584 0.00 0.00 0.00 5 5
1 1917 3586 672.04 19259.20 1.20 4303 50
1 0 3585 0.00 0.00 0.00 5 5
1 0 3584 0.00 0.00 0.00 5 5
1 1929 3586 590.44 19375.92 1.20 4070 50
1 0 3585 0.00 0.00 0.00 5 5
1 0 3584 0.00 0.00 0.00 5 5
1 1917 3586 635.73 19254.00 0.96 3649 45
1 0 3585 0.00 0.00 0.00 5 5
1 0 3584 0.00 0.00 0.00 5 5
1 1929 3586 492.14 19373.52 1.20 3571 45
1 0 3585 0.00 0.00 0.00 10 10
1 0 3584 0.00 0.00 0.00 5 5
1 1917 3586 573.84 19253.20 1.20 3216 50
1 0 3585 0.00 0.00 0.00 5 5
1 0 3584 0.00 0.00 0.00 5 5
1 1929 3586 882.15 19136.08 1.20 2949 50
1 0 3585 0.00 0.00 0.00 5 5
1 0 3584 0.00 0.00 0.00 10 10
1 1917 3586 1623.13 19498.88 48.16 2930 87
1 0 3585 0.00 0.00 0.00 5 5
1 0 3584 0.00 0.00 0.00 5 5
1 1929 3586 1050.26 19137.28 1.20 2883 50
1 0 3585 0.00 0.00 0.00 5 5
1 0 3584 0.00 0.00 0.00 5 5
1 1917 3586 1467.21 19497.84 0.96 2949 45
1 0 3585 0.00 0.00 0.00 5 5
1 0 3584 0.00 0.00 0.00 5 5
1 1917 3586 863.38 19375.92 1.20 3023 45
1 0 3585 0.00 0.00 0.00 5 5
1 0 3584 0.00 0.00 0.00 5 5
1 1929 3586 598.61 19253.60 1.20 3238 50
1 0 3585 0.00 0.00 0.00 5 5
1 0 3584 0.00 0.00 0.00 5 5
1 1929 3586 480.86 19373.52 1.20 3520 50
1 83 3585 251.67 721.76 0.00 225 5
1 0 3584 0.00 0.00 0.00 5 5
1 1917 3586 598.04 19254.00 1.20 3334 50
1 1917 3585 733.67 19382.16 280.72 4767 252
1 0 3584 0.00 0.00 0.00 5 5
1 1917 3586 529.89 19374.72 1.20 3385 50
1 1929 3585 628.39 19135.28 1.20 4001 50
1 0 3584 0.00 0.00 0.00 5 5
1 1929 3586 604.61 19253.20 1.20 3338 50
1 1917 3585 695.98 19499.04 0.96 3703 35
1 0 3584 0.00 0.00 0.00 5 5
1 1917 3586 512.67 19374.72 1.20 3519 50
1 1929 3585 597.32 19133.28 0.96 3177 40
1 0 3584 0.00 0.00 0.00 10 15
1 1929 3586 592.27 19253.84 48.16 3338 72
1 1917 3585 632.86 19373.52 0.96 2940 35
1 0 3584 0.00 0.00 0.00 5 5
1 1917 3586 526.59 19374.72 1.20 3385 50
1 1929 3585 629.97 19253.20 0.72 2698 35
1 0 3584 0.00 0.00 0.00 5 5
1 1929 3586 595.31 19254.00 1.20 3338 50
1 1917 3585 592.37 19494.24 0.96 2699 35
1 0 3584 0.00 0.00 0.00 5 5
1 1917 3586 504.69 19374.72 1.20 3519 50
1 1929 3585 595.13 19132.88 0.96 2295 40
1 0 3584 0.00 0.00 0.00 5 5
1 1929 3586 591.78 19253.60 1.20 3334 50
1 1917 3585 606.70 19373.52 0.96 2187 40
1 0 3584 0.00 0.00 0.00 5 5
1 1917 3586 545.27 19375.52 1.20 3173 50
1 1929 3585 588.98 19253.20 0.72 1899 35
1 0 3584 0.00 0.00 0.00 5 5
1 1929 3586 971.63 19136.08 1.20 2920 50
1 1917 3585 628.76 19493.68 47.92 1895 82
1 0 3584 0.00 0.00 0.00 5 10
1 1917 3586 1224.23 19258.00 1.20 2871 50
1 1929 3585 632.31 19132.08 0.96 1715 40
1 0 3584 0.00 0.00 0.00 5 5
1 1929 3586 1384.02 19498.64 1.20 2922 50
1 1917 3585 635.02 19373.52 0.96 1610 40
1 0 3584 0.00 0.00 0.00 5 5
1 1929 3586 848.22 19375.12 1.20 3051 50
1 1929 3585 585.84 19252.80 0.96 1449 40
1 0 3584 0.00 0.00 0.00 10 20
1 1917 3586 590.45 19253.44 48.16 3242 72
1 1917 3585 581.89 19493.84 0.96 1485 40
1 0 3584 0.00 0.00 0.00 5 5
1 1917 3586 510.89 19374.72 1.20 3487 50
1 1929 3585 573.76 19133.28 0.96 1298 40
1 0 3584 0.00 0.00 0.00 5 5
1 1929 3586 581.39 19253.20 1.20 3334 50
1 1920 3585 584.52 19401.04 11.28 1331 45
1 0 3584 0.00 0.00 0.00 5 5
1 1917 3586 567.54 19375.52 1.20 3351 50
1 1967 3585 593.41 19640.48 75.12 1269 66
1 0 3584 0.00 0.00 0.00 5 5
1 1929 3586 591.41 19253.20 1.20 3338 50
1 1917 3585 6457.92 19379.52 0.00 1142 5
1 1294 3584 4476.40 11612.96 0.00 4794 5
1 1917 3586 546.09 19375.12 1.20 3420 50
1 1917 3585 2453.13 19249.44 266.32 1061 139
1 1929 3584 16492.47 10531.36 1.84 4302 221
1 1929 3586 581.95 19253.20 1.20 3334 50
1 1930 3585 579.45 19392.80 180.72 1179 151
1 1917 3584 0.00 0.00 0.00 0 0
1 1917 3586 554.62 19375.52 0.96 3351 40
1 1917 3585 567.22 19253.20 0.96 1117 40
1 1929 3584 0.00 0.00 0.00 0 0
1 1929 3586 584.54 19253.20 1.20 3338 50
1 1929 3585 580.78 19373.52 0.96 1190 35
1 1917 3584 0.00 0.00 0.00 0 0
1 1917 3586 535.54 19375.12 1.20 3453 50
1 1917 3585 586.04 19253.20 0.96 1107 40
1 1929 3584 0.00 0.00 0.00 0 0
1 1929 3586 576.95 19253.44 48.16 3338 72
1 1929 3585 10427.04 13995.20 0.00 1613 10
1 1917 3584 467717.28 12799.92 48.08 5229 247
1 1917 3586 548.17 19375.52 1.20 3202 50
1 1917 3585 17708.00 24655.12 0.72 4855 25
1 1929 3584 500468.26 16847.04 233.12 6879 210
1 1929 3586 1007.31 19255.60 1.20 2936 50
1 1929 3585 616.68 19373.92 0.96 3052 40
1 1917 3584 500101.56 13968.00 0.72 5706 20
1 1917 3586 1282.94 19377.92 1.20 2930 50
1 1917 3585 595.36 19253.20 0.96 2920 40
1 1929 3584 556396.33 9185.60 0.72 3750 25
1 1929 3586 1321.51 19258.00 1.20 2841 50
1 1929 3585 601.52 19373.52 0.96 3111 40
1 1917 3584 609009.70 8515.28 47.44 3477 113
1 1917 3586 837.69 19374.72 0.96 3064 35
1 1917 3585 613.68 19253.20 0.72 2890 35
1 1929 3584 641790.13 17761.20 0.96 7254 40
1 1929 3586 951.56 19256.00 1.20 3210 25
1 1929 3585 622.89 19374.32 3.20 3082 220
1 1917 3584 652688.42 14086.80 0.72 5754 30
1 1917 3586 857.39 19375.92 1.20 3504 30
1 1917 3585 608.75 19253.60 0.00 2907 225
1 1929 3584 688420.00 14829.36 0.48 6102 25
1 1929 3586 643.82 19253.60 0.96 3690 40
1 1929 3585 621.04 19374.16 47.76 3075 40
1 1917 3584 697596.52 18928.32 0.72 7731 40
1 1917 3586 886.81 19381.12 1.20 4119 20
1 1917 3585 606.08 19253.20 0.96 2722 30
1 1929 3584 699986.42 17707.20 0.72 7233 35
1 1929 3586 1165.01 19262.24 48.56 4172 41
1 1929 3585 861.05 19495.04 0.96 2713 40
1 1917 3584 706041.06 16420.80 0.48 6708 25
1 1917 3586 656.52 19379.52 1.20 4248 50
1 1917 3585 600.88 19132.88 0.96 2223 40
1 1929 3584 716787.86 21014.16 1.20 8583 45
1 1929 3586 607.82 19258.80 1.20 4180 50
1 1929 3585 642.22 19373.52 0.96 2146 40
1 1917 3584 705949.96 21630.32 1.20 8835 50
1 1917 3586 693.72 19380.32 1.20 4249 45
1 1917 3585 569.85 19253.20 0.96 1920 40
1 1929 3584 698498.30 20286.72 0.96 8331 45
1 1929 3586 615.91 19258.80 1.20 4182 45
1 1929 3585 574.17 19493.84 0.96 1899 40
1 1917 3584 689794.13 21560.16 2.80 8808 151
1 1917 3586 770.07 19380.72 1.20 4204 45
1 1928 3585 578.02 19248.24 5.04 1694 45
1 1929 3584 682433.26 20646.00 4.08 8433 244
1 1929 3586 783.93 19260.80 0.96 4176 30
1 1929 3585 602.17 19375.76 8.16 1640 253
1 1917 3584 678873.02 17706.96 5.20 7233 244
1 1917 3586 777.48 19383.12 1.20 4244 45
1 1917 3585 545.02 19254.48 82.48 1485 97
1 1929 3584 685840.32 19911.60 2.48 8133 146
1 1929 3586 733.29 19260.00 1.20 4181 40
1 1929 3585 577.61 19373.92 0.96 1504 40
1 1917 3584 682540.28 20090.24 4.80 8208 257
1 1917 3586 725.43 19379.92 1.20 4204 45
1 1917 3585 568.56 19253.20 0.96 1292 40
1 1929 3584 675692.60 21013.68 4.40 8583 262
1 1929 3586 662.02 19259.60 3.68 4178 87
1 1929 3585 628.97 19253.60 0.96 1334 40
1 1917 3584 668673.69 20037.52 2.72 8229 262
1 1917 3586 763.34 19381.36 47.28 4254 82
1 1917 3585 564.37 19373.52 0.72 1251 35
1 1929 3584 660822.32 21630.16 2.56 8835 151
1 1929 3586 650.24 19259.20 1.20 4183 50
1 1929 3585 597.80 19373.52 0.96 1208 35
1 1917 3584 654971.71 20090.08 4.40 8208 257
1 1917 3586 706.73 19379.52 1.20 4205 50
1 1917 3585 563.55 19373.52 0.96 1118 45
1 1929 3584 650154.75 20645.84 4.80 8433 257
1 1929 3586 636.39 19259.20 1.20 4179 50
1 1929 3585 603.75 19253.60 1.20 1098 45
1 1917 3584 641539.27 19911.36 12.80 8133 332
1 1917 3586 810.78 19381.52 0.96 4199 35
1 1917 3585 522.83 19253.60 0.72 979 35
1 1929 3584 641670.57 551.28 0.00 225 0
1 1929 3586 802.91 19260.80 1.20 4178 25
1 1929 3585 580.85 19373.76 48.16 1039 151
1 1917 3584 0.00 0.00 0.00 0 0
1 1917 3586 727.48 19379.92 1.20 4163 45
1 1917 3585 530.82 19252.80 0.96 977 40
1 1929 3584 0.00 0.00 0.00 0 0
1 1929 3586 587.74 19258.80 1.20 4180 50
1 1929 3585 579.89 19253.20 0.96 994 40
1 1917 3584 0.00 0.00 0.00 0 0
1 1917 3586 670.86 19379.52 0.96 4252 40
1 1917 3585 7608.22 12013.92 0.24 1841 10
1 1929 3584 1077480.02 7964.16 0.24 3252 5
1 1929 3586 569.30 19255.44 48.16 3967 72
1 1929 3585 59916.73 15246.32 0.72 6099 30
1 1917 3584 1117080.41 15188.08 37.52 6204 80
1 1917 3586 656.30 19377.12 0.96 3694 40
1 1917 3585 53122.07 22142.72 0.96 8835 40
1 1929 3584 1115753.76 20279.04 11.52 8283 24
1 1929 3586 544.22 19253.20 1.20 3405 50
1 1929 3585 38478.27 22142.48 0.96 8835 40
1 1917 3584 1109154.46 21381.04 4.24 8733 10
1 1917 3586 538.33 19374.72 1.20 3295 50
1 1917 3585 23137.26 23279.76 0.72 8835 35
1 1929 3584 1098022.54 21630.24 3.84 8835 10
1 1929 3586 953.90 18573.04 1.20 2805 50
1 1929 3585 2367.39 21370.48 0.96 6212 35
1 1917 3584 1093685.31 13967.84 4.24 5706 10
1 1917 3586 1441.77 19940.56 0.96 2981 35
1 1917 3585 679.27 19260.80 0.96 4615 40
1 1929 3584 1146794.14 9001.68 34.56 3675 70
1 1929 3586 1139.04 18816.08 1.20 2775 40
1 1929 3585 680.67 19257.04 47.92 4112 140
1 1917 3584 1208754.80 6797.36 9.92 2775 5
1 1917 3586 1448.26 19938.16 1.20 3119 30
1 1917 3585 607.19 19375.92 0.96 3647 40
1 1929 3584 1256759.72 14829.36 4.24 6102 10
1 1929 3586 595.43 19253.60 1.20 3201 35
1 1929 3585 692.65 19375.12 0.96 3214 40
1 1917 3584 1262128.77 19738.24 4.24 8154 10
1 1917 3586 797.37 19377.52 0.96 3475 25
1 1917 3585 605.63 19373.52 0.96 2912 40
1 1929 3584 1267282.09 17217.84 4.24 7077 10
1 1929 3586 572.93 19253.20 3.68 3538 79
1 1929 3585 648.01 19253.20 0.96 2777 40
1 1917 3584 1269127.86 20527.20 6.48 8385 20
1 1917 3586 579.75 19375.36 6.96 3699 116
1 1917 3585 594.94 19253.60 0.72 2487 35
1 1929 3584 1258823.81 21446.48 4.24 8760 10
1 1929 3586 581.52 19253.84 3.44 3509 116
1 1929 3585 657.96 19373.92 0.96 2344 35
1 1917 3584 1250071.89 21016.72 4.24 8631 10
1 1917 3586 619.39 19376.00 48.16 3669 62
1 1917 3585 575.04 19253.20 0.96 2071 40
1 1929 3584 1240732.08 20646.56 4.24 8433 10
1 1929 3586 553.41 19253.20 1.20 3540 50
1 1929 3585 626.78 19373.52 0.96 1989 40
1 1917 3584 1234101.40 20462.88 1.84 8358 143
1 1917 3586 805.45 19376.72 0.96 3546 20
1 1917 3585 566.41 19253.20 0.72 1748 35
1 1929 3584 0.00 0.00 0.00 0 0
1 1929 3586 823.42 19255.20 1.20 3537 25
1 1929 3585 628.55 19373.76 47.92 1793 83
1 1917 3584 0.00 0.00 0.00 0 0
1 1917 3586 639.34 19375.52 1.20 3628 45
1 1917 3585 553.04 19253.20 0.96 1556 40
1 1929 3584 0.00 0.00 0.00 0 0
1 1929 3586 550.42 19253.20 1.20 3540 50
1 1929 3585 612.67 19253.20 0.96 1509 40
1 1917 3584 0.00 0.00 0.00 0 0
1 1917 3586 612.02 19375.12 1.20 3700 50
1 1917 3585 7399.92 14412.56 0.00 1771 5
1 1929 3584 1642881.11 16604.16 7.12 6783 30
1 1929 3586 585.49 19253.84 47.92 3509 67
1 1929 3585 14107.35 24358.88 0.96 4501 30
1 1917 3584 1668588.91 14756.64 3.92 6027 10
1 1917 3586 630.09 19375.92 1.20 3628 50
1 1917 3585 609.20 19376.72 0.96 3717 40
1 1929 3584 1666995.56 20765.04 4.08 8481 20
1 1929 3586 540.21 19253.20 1.20 3540 50
1 1929 3585 692.31 19137.28 0.96 3632 40
1 1917 3584 1657828.80 21630.24 6.64 8835 10
1 1917 3586 652.25 19375.52 1.20 3591 45
1 1917 3585 584.93 19496.64 0.72 3775 35
1 1929 3584 1646850.05 21014.16 4.24 8583 10
1 1929 3586 537.69 19253.20 1.20 3373 50
1 1929 3585 678.60 19256.80 0.96 3620 35
1 1917 3584 1640471.84 21082.00 1.84 8658 144
1 1917 3586 601.04 19373.92 0.96 3330 35
1 1917 3585 573.97 19373.52 0.96 3210 40
1 1929 3584 1633000.85 20029.92 50.64 8181 10
1 1929 3586 1277.84 19095.68 0.96 2900 30
1 1929 3585 633.66 19132.88 2.96 2964 215
1 1917 3584 1649462.80 9801.68 1.84 4002 18
1 1917 3586 1931.80 19421.92 1.20 2855 30
1 1917 3585 562.84 19494.08 3.20 2782 181
1 1929 3584 1709041.55 9433.76 6.16 3852 18
1 1929 3586 1018.37 19256.00 1.20 2986 40
1 1929 3585 641.11 19256.00 2.96 2616 171
1 1917 3584 1758191.18 12984.24 6.08 5304 10
1 1917 3586 870.43 19497.04 1.20 3290 30
1 1917 3585 568.30 19375.36 43.68 2324 95
1 1929 3584 1781227.34 15804.72 4.08 6456 10
1 2600 3586 744.59 25757.68 4.08 4390 84
1 1929 3585 611.48 19132.88 1.20 2180 45
1 1917 3584 1778058.06 21014.64 4.24 8583 10
1 3846 3586 979.05 38763.68 7.12 6473 116
1 1917 3585 558.59 19373.52 0.72 1911 35
1 1929 3584 1768822.54 21445.68 2.24 8760 10
1 3858 3586 986.96 38762.88 41.92 6478 45
1 1929 3585 607.74 19373.92 0.96 1882 35
1 1917 3584 1757139.23 21808.72 4.08 8910 10
1 3834 3586 1033.46 38524.40 1.20 6477 45
1 1917 3585 555.51 19253.20 0.96 1727 40
1 1929 3584 1746240.45 21381.60 6.08 8733 20
1 3846 3586 989.39 38522.40 1.20 6435 50
1 1929 3585 591.25 19253.20 0.96 1647 40
1 1917 3584 1734427.87 21630.24 3.76 8835 51
1 3846 3586 981.49 38764.24 0.96 6519 45
1 1917 3585 546.81 19373.52 0.72 1459 35
1 1929 3584 1722520.77 21629.76 2.32 8835 342
1 3846 3586 1240.15 38766.64 1.20 6459 25
1 1929 3585 629.01 19375.76 48.72 1461 241
1 1917 3584 1718076.62 18876.64 5.20 7758 257
1 3846 3586 1164.43 38526.40 0.96 6462 20
1 1917 3585 545.50 19253.68 40.96 1320 95
1 1929 3584 1722026.02 18319.44 4.32 7527 257
1 3846 3586 1336.75 38526.80 1.20 6415 35
1 1929 3585 596.02 19253.20 0.96 1335 40
1 1917 3584 1724549.31 19425.60 0.48 7935 20
1 3846 3586 1028.87 38765.04 1.20 6515 45
1 1917 3585 542.98 19493.84 0.96 1294 40
1 1929 3584 1720516.74 20397.60 3.92 8331 242
1 3846 3586 1045.58 38763.04 0.96 6474 35
1 1929 3585 592.23 19253.60 0.96 1164 35
1 1917 3584 1715390.22 20943.76 3.20 8556 151
1 3846 3586 1148.79 38524.40 1.20 6423 35
1 1917 3585 568.69 19373.52 0.96 1152 40
1 1929 3584 1709515.25 20526.80 4.40 8385 252
1 3846 3586 958.08 38522.00 3.36 6436 135
1 1929 3585 597.51 19133.68 0.96 1092 40
1 1917 3584 1699623.99 21381.12 4.96 8733 257
1 3846 3586 1008.12 38764.72 48.40 6517 72
1 1917 3585 539.09 19493.84 0.72 1022 35
1 1929 3584 1692195.51 20095.44 2.80 8208 151
1 3846 3586 1029.35 38763.44 1.20 6476 50
1 1929 3585 602.97 19252.80 0.96 1006 35
1 1917 3584 1683955.24 21808.00 40.48 8910 385
1 3846 3586 1009.17 38524.00 0.96 6430 45
1 1917 3585 521.43 19253.20 0.96 995 40
1 1929 3584 1671919.61 21629.04 40.88 8835 486
1 3846 3586 1008.88 38520.80 1.20 6154 35
1 3774 3585 754.01 37544.08 6.96 1852 316
1 1917 3584 1665179.20 18322.40 7.52 7485 438
1 3846 3586 1088.72 38761.84 0.96 6030 35
1 3834 3585 790.84 38633.04 42.96 1898 106
1 1929 3584 1670188.23 8583.04 0.00 3552 170
1 3846 3586 1207.89 38763.44 1.20 6034 20
1 3858 3585 774.89 38858.48 0.96 1944 45
1 1917 3584 0.00 0.00 0.00 0 0
1 3846 3586 1175.26 38039.92 1.20 5922 25
1 3834 3585 742.11 38504.80 1.20 1899 50
1 1929 3584 0.00 0.00 0.00 0 0
1 3846 3586 938.77 39000.88 0.96 6083 40
1 3858 3585 707.11 38505.20 0.96 1909 40
1 1917 3584 0.00 0.00 0.00 0 0
1 3846 3586 936.58 38760.64 0.96 6088 40
1 3834 3585 3085.44 38386.88 0.24 1838 10
1 1929 3584 2061529.79 9799.92 18.40 4002 46
1 3846 3586 929.73 38760.24 4.32 6048 62
1 3858 3585 2664.90 39108.40 0.72 1921 30
1 1917 3584 2096090.71 15005.04 4.24 6129 10
1 3846 3586 1194.44 38521.84 44.80 5816 50
1 3834 3585 806.60 38384.88 0.96 1889 35
1 1929 3584 2095264.82 20030.16 4.24 8181 10
1 3846 3586 1065.85 38156.00 1.20 5641 50
1 3858 3585 749.19 38624.72 0.96 1922 40
1 1917 3584 2092518.09 18809.12 60.88 7683 124
1 3846 3586 1317.17 39127.44 1.20 5736 50
1 3834 3585 889.39 38625.12 0.96 1885 40
1 1929 3584 2114952.69 16112.48 4.24 6579 10
1 3846 3586 1201.16 37275.60 0.96 5479 25
1 3858 3585 809.53 38867.60 9.92 1921 311
1 1917 3584 2121135.42 15865.04 4.24 6483 10
1 3846 3586 1607.09 40012.24 1.20 5949 40
1 3834 3585 803.28 38385.52 41.68 1887 40
1 1929 3584 2140973.23 16172.64 4.24 6606 10
1 3846 3586 1211.03 37637.76 1.20 5622 35
1 3858 3585 785.98 38744.24 0.96 1906 40
1 1917 3584 2153164.91 16475.04 4.24 6729 10
1 3846 3586 1575.74 39648.88 0.96 5807 35
1 3834 3585 886.95 38506.80 0.72 1880 35
1 1929 3584 2178232.85 16664.24 4.24 6804 10
1 3846 3586 1124.51 38760.64 1.20 5746 50
1 3858 3585 824.84 38866.16 0.96 1918 35
1 1917 3584 2184278.90 17150.80 0.00 7008 10
1 3846 3586 1414.12 38403.68 1.20 5719 45
1 3834 3585 787.23 38745.84 0.96 1925 40
1 1929 3584 2193800.09 18312.00 1.84 7479 15
1 3846 3586 1015.59 38639.92 1.20 5688 50
1 3858 3585 733.25 38263.36 0.96 1886 40
1 1917 3584 2190575.30 19728.16 0.00 8058 5
1 3846 3586 1545.73 38765.04 3.44 5678 101
1 3834 3585 887.81 38624.72 0.72 1885 35
1 1929 3584 2203199.17 14826.56 1.84 6054 10
1 3846 3586 1017.64 38520.08 47.44 5720 118
1 3858 3585 760.34 38865.36 0.96 2053 35
1 3247 3584 2221870.07 16664.80 1.84 6810 10
1 3846 3586 1337.93 38763.04 1.20 5729 45
1 3834 3585 794.81 38384.48 0.96 2047 40
1 3846 3584 2236140.98 18496.08 0.00 7554 5
1 3846 3586 1120.11 38521.60 0.96 5659 40
1 3858 3585 761.15 38382.88 2.96 2047 420
1 3846 3584 2231573.35 19360.32 2.08 7908 215
1 3846 3586 1824.41 38645.92 1.20 5653 40
1 3834 3585 781.32 38986.08 0.00 2054 425
1 3846 3584 2247654.76 14210.08 17.92 5802 121
1 3846 3586 1218.47 38642.32 1.20 5729 50
1 3858 3585 715.91 38745.44 0.00 2098 477
1 3846 3584 2260627.31 18812.08 4.40 7731 358
1 3846 3586 1785.83 37760.88 1.20 5532 30
1 3834 3585 785.20 38386.96 87.84 2043 182
1 3846 3584 2280655.69 14580.56 0.00 6000 10
1 3846 3586 1185.70 39525.76 0.96 5811 30
1 3858 3585 734.69 38624.72 0.96 2080 40
1 3846 3584 2295739.45 15629.04 13.44 6429 286
1 3846 3586 1532.69 38766.64 0.96 5715 20
1 3834 3585 810.45 38745.44 0.72 2040 35
1 3846 3584 0.00 0.00 0.00 0 0
1 3846 3586 1177.96 38160.24 1.20 5655 35
1 3858 3585 758.44 38743.84 0.96 2074 35
1 3846 3584 0.00 0.00 0.00 0 0
1 3846 3586 1325.44 39124.00 0.96 5786 40
1 3834 3585 740.47 38505.20 0.96 2050 40
1 3846 3584 0.00 0.00 0.00 0 0
1 3834 3586 973.53 38520.40 1.20 5669 50
1 3858 3585 2236.87 36212.64 0.72 1922 30
1 3846 3584 2680635.58 5208.00 2.96 2127 130
1 3858 3586 1239.57 38762.88 47.92 5730 67
1 3834 3585 1097.17 41039.60 0.96 2178 40
1 3846 3584 2687964.86 17463.92 75.68 7131 10
1 3846 3586 1026.66 38761.04 1.20 5749 45
1 3858 3585 744.80 38745.68 47.92 2080 151
1 3846 3584 2693450.81 17098.80 1.84 7029 5
1 3846 3586 1468.76 38523.20 0.96 5695 45
1 3834 3585 785.81 38384.08 0.96 2047 40
1 3846 3584 2715330.36 15996.48 1.84 6579 5
1 3846 3586 1110.20 38717.36 1.20 5740 45
1 3858 3585 761.14 38384.08 0.96 2046 40
1 3846 3584 2722272.80 17274.88 4.40 7056 20
1 3846 3586 1421.71 37561.52 1.20 5506 35
1 3834 3585 786.41 38865.76 0.72 2071 35
1 3846 3584 2739899.45 17209.92 0.72 7029 35
1 3834 3586 1247.36 39526.96 0.96 5853 35
1 3858 3585 762.45 38865.36 0.96 2094 35
1 3846 3584 2746190.46 17034.00 0.96 7002 30
1 3858 3586 1523.66 38763.44 1.20 5724 40
1 3834 3585 760.62 38504.00 0.96 2043 40
1 3846 3584 2765576.48 15929.12 0.96 6504 40
1 3834 3586 1239.33 38521.60 1.20 5706 40
1 3858 3585 782.64 38505.20 0.72 2051 35
1 3846 3584 2769837.09 18514.08 0.72 7608 35
1 3858 3586 1270.12 38763.44 1.20 5727 45
1 3834 3585 764.79 38625.12 0.96 2071 40
1 3846 3584 2786047.18 17156.16 0.96 7008 35
1 3834 3586 1101.17 38680.88 1.20 5732 35
1 3858 3585 722.47 38865.76 1.20 2065 45
1 3846 3584 2784681.52 18128.88 20.24 7404 56
1 3858 3586 1374.88 38603.36 0.96 5706 40
1 3834 3585 775.91 38383.68 0.96 1920 40
1 3846 3584 2805259.08 15445.84 4.24 6354 10
1 3834 3586 1293.22 38282.16 10.16 5664 60
1 3858 3585 1072.14 38626.96 4.16 2211 146
1 3846 3584 2831704.43 10971.84 0.00 4527 5
1 3858 3586 3195.90 38169.36 47.92 5581 78
1 3834 3585 769.63 38627.52 1.84 2733 430
1 3846 3584 2880644.26 11822.24 4.24 4827 10
1 3834 3586 1968.61 39609.44 1.20 6063 40
1 3858 3585 717.05 38866.16 0.00 2780 425
1 3846 3584 2910885.26 12316.96 0.00 5079 5
1 3858 3586 1513.40 38526.80 1.20 6336 45
1 3834 3585 768.25 38384.08 0.00 2716 425
1 3846 3584 2938208.26 15070.32 4.24 6156 10
1 3834 3586 3254.19 36800.16 1.20 6430 45
1 3858 3585 736.01 38625.92 0.00 2713 425
1 3846 3584 2966007.77 13167.84 5.84 5379 28
1 3858 3586 7674.83 37342.64 0.96 7002 40
1 3834 3585 765.39 38745.04 0.00 2562 425
1 3834 3584 3009049.91 10784.96 3.84 4404 14
1 3834 3586 7378.21 37547.84 1.20 7653 45
1 3858 3585 754.84 38745.44 0.00 2546 425
1 3858 3584 3036419.72 15439.60 4.24 6354 14
1 3858 3586 25727.11 29849.68 0.96 6741 35
1 3834 3585 823.41 38383.68 0.00 2343 425
1 3834 3584 3078091.62 11638.40 8.88 4752 29
1 3834 3586 44572.25 31280.80 1.20 7805 50
1 3858 3585 735.18 38624.72 0.00 2226 425
1 3858 3584 3103321.07 15621.60 0.00 6381 5
1 3858 3586 71029.23 27564.16 0.96 7382 35
1 3834 3585 853.09 38624.72 0.00 2105 425
1 3834 3584 3135228.68 12983.84 13.44 5304 230
1 3834 3586 96500.99 25357.20 0.96 7230 35
1 3858 3585 822.85 38625.52 0.00 2047 425
1 3858 3584 3183038.77 13719.12 0.00 5604 10
1 3858 3586 134029.48 19108.24 48.32 5971 61
1 3834 3585 949.53 38143.04 0.00 1890 425
1 3834 3584 3235477.26 8515.52 1.84 3477 260
1 3834 3586 191631.06 20564.16 0.96 7164 25
1 3858 3585 924.40 38870.80 180.08 1956 363
1 3858 3584 0.00 0.00 0.00 0 0
1 3858 3586 235743.84 21366.08 0.96 8423 25
1 3834 3585 770.58 38866.16 0.72 1962 35
1 3834 3584 0.00 0.00 0.00 0 0
1 3834 3586 283659.03 20894.72 1.20 8651 30
1 3858 3585 679.01 38866.16 0.96 1978 35
1 3858 3584 0.00 0.00 0.00 0 0
1 3858 3586 327329.69 21823.44 0.96 9031 40
1 3834 3585 5602.34 28019.28 0.48 1869 20
1 3834 3584 3662813.92 7944.08 0.00 3252 204
1 3834 3586 370764.15 21823.44 0.96 9031 45
1 3846 3585 15194.06 49019.52 0.96 5764 40
1 3858 3584 3678063.25 551.04 0.00 225 0
1 3858 3586 414246.06 21823.44 1.20 9031 45
1 3846 3585 747.42 38745.84 0.96 2742 40
1 3834 3584 0.00 0.00 0.00 0 0
1 3834 3586 457878.46 21997.04 1.20 9107 50
1 3846 3585 708.64 38745.44 0.96 2775 40
1 3858 3584 0.00 0.00 0.00 0 0
1 3858 3586 501234.30 21823.60 0.96 9031 40
1 3846 3585 754.70 38276.96 0.96 2733 45
1 3834 3584 0.00 0.00 0.00 0 0
1 3834 3586 544727.85 21823.44 0.96 9031 40
1 3846 3585 720.32 38613.36 47.60 2715 116
1 3858 3584 0.00 0.00 0.00 0 0
1 3858 3586 588142.89 21822.72 1.20 9031 50
1 3846 3585 736.01 38745.84 0.96 2604 35
1 3834 3584 0.00 0.00 0.00 0 0
1 3834 3586 631864.56 21996.80 0.96 9107 45
1 3846 3585 1458.76 9364.08 0.00 854 5
1 3858 3584 4312245.23 17522.64 48.88 7165 449
1 3858 3586 675402.90 21823.20 48.16 9031 69
1 3846 3585 0.00 0.00 0.00 0 5
1 3834 3584 4353087.15 21629.92 5.04 8835 262
1 3834 3586 718871.41 21823.44 0.96 9031 45
1 3846 3585 0.00 0.00 0.00 0 5
1 3858 3584 4396994.33 21629.52 4.40 8835 262
1 3858 3586 762344.27 21823.44 1.20 9031 45
1 3846 3585 0.00 0.00 0.00 0 5
1 3834 3584 4440900.48 21630.24 2.80 8835 156
1 3834 3586 805948.05 21997.04 0.96 9107 40
1 3846 3585 0.00 0.00 0.00 0 0
1 3858 3584 4485003.85 21807.76 4.56 8910 262
1 3858 3586 849474.78 21823.44 0.96 9031 45
1 3846 3585 0.00 0.00 0.00 0 0
1 3834 3584 4529035.81 21629.60 4.56 8835 252
1 3834 3586 891576.91 23796.72 0.96 9031 40
1 3846 3585 0.00 0.00 0.00 0 0
1 3858 3584 4573035.19 21629.28 41.92 8835 385
1 3858 3586 925861.04 26843.76 1.20 9031 45
1 3846 3585 0.00 0.00 0.00 0 0
1 3834 3584 4617023.98 21629.28 7.36 8835 464
1 3834 3586 952420.05 30103.52 0.96 9107 40
1 3846 3585 0.00 0.00 0.00 0 0
1 3858 3584 4661176.06 21991.52 7.36 8985 464
1 3858 3586 971280.99 32511.44 1.20 9031 55
1 3846 3585 954305.31 13462.64 0.00 837 10
1 3834 3584 4696995.62 13238.08 1.84 5406 260
1 3834 3586 984227.92 34548.16 0.96 9031 45
1 3846 3585 811789.99 138944.00 39.36 8685 82
1 3858 3584 0.00 0.00 0.00 0 0
1 3858 3586 991341.53 37568.80 1.20 9031 45
1 3846 3585 550434.76 140002.40 6.64 8685 10
1 3834 3584 0.00 0.00 0.00 0 0
1 3834 3586 989256.13 41524.56 1.20 9107 50
1 3846 3585 273859.30 151807.04 3.92 8985 10
1 3846 3584 0.00 0.00 0.00 0 0
1 3858 3586 976833.04 45618.56 47.92 9031 67
1 3846 3585 50906.49 84907.36 0.48 4698 20
1 3846 3584 5113458.22 7576.88 0.00 3102 204
1 3834 3586 953075.14 49687.52 0.96 9031 45
1 3846 3585 2454.01 41033.92 0.96 2233 40
1 3846 3584 5129744.43 551.28 0.00 225 0
1 3858 3586 919618.19 53350.64 0.96 9031 40
1 3846 3585 691.82 38504.80 0.72 2156 35
1 3846 3584 0.00 0.00 0.00 0 0
1 3834 3586 876512.82 57443.60 1.20 9107 45
1 3846 3585 725.39 38986.08 0.96 2085 35
1 3846 3584 0.00 0.00 0.00 0 0
1 3858 3586 823796.82 60624.00 0.96 9031 40
1 3846 3585 897.96 32018.24 0.72 1653 30
1 3846 3584 5506862.58 4656.96 46.80 1909 318
1 3834 3586 761204.67 65070.64 0.96 9031 45
1 3846 3585 0.00 0.00 0.24 0 5
1 3846 3584 5534117.42 17706.48 28.88 7233 309
1 3858 3586 687980.13 68336.32 1.20 9031 45
1 3846 3585 0.00 0.00 0.00 0 5
1 3846 3584 0.00 0.00 0.00 0 0
1 3834 3586 609375.46 70190.40 0.96 8955 45
1 3846 3585 0.00 0.00 0.00 0 5
1 3846 3584 0.00 0.00 0.00 0 0
1 3858 3586 521860.74 74816.16 1.20 9031 50
1 3846 3585 0.00 0.00 0.00 0 5
1 3846 3584 0.00 0.00 0.00 0 0
1 5225 3586 423099.51 78178.72 1.20 8955 50
1 3846 3585 0.00 0.00 0.00 0 5
1 3846 3584 5965134.60 1469.76 0.00 600 56
1 5788 3586 318525.82 81245.60 0.96 8803 40
1 3846 3585 0.00 0.00 0.00 0 5
1 3846 3584 5988240.11 21430.16 13.92 8760 332
1 5752 3586 212676.29 88080.48 0.96 9031 45
1 3846 3585 0.00 0.00 0.00 0 5
1 3846 3584 6017194.36 7105.60 0.00 2904 85
1 5788 3586 151603.76 91446.16 48.16 9031 72
1 3846 3585 0.00 0.00 0.00 0 5
1 3846 3584 0.00 0.00 0.00 0 0
1 5752 3586 93518.59 90076.48 1.20 8532 50
1 3846 3585 0.00 0.00 0.00 0 10
1 3846 3584 0.00 0.00 0.00 0 0
1 5788 3586 36701.45 91766.32 0.96 8532 40
1 3846 3585 0.00 0.00 0.00 0 20
1 3846 3584 0.00 0.00 0.00 0 0
1 5752 3586 1768.45 62488.16 0.96 5895 40
1 3846 3585 0.00 0.00 0.00 0 5
1 3846 3584 6427433.15 15502.08 88.32 6333 140
1 5788 3586 1245.32 57772.80 1.20 5440 50
1 3846 3585 0.00 0.00 0.00 0 5
1 3846 3584 6483073.97 17163.60 3.92 7056 30
1 5752 3586 994.33 57888.32 0.96 5480 50
1 3846 3585 0.00 0.00 0.00 0 5
1 3846 3584 6531094.60 17340.24 0.96 7083 30
1 5788 3586 1151.91 57652.08 1.20 5475 45
1 3846 3585 0.00 0.00 0.00 0 5
1 3846 3584 6592950.01 17217.60 0.72 7077 35
1 5752 3586 1016.60 58250.48 0.96 5510 40
1 3846 3585 0.00 0.00 0.00 0 5
1 3846 3584 6648036.94 17093.68 0.72 7029 30
1 5788 3586 1038.41 58011.84 0.96 5472 40
1 3846 3585 0.00 0.00 0.00 0 5
1 3846 3584 6701827.13 18320.08 0.72 7527 35
1 5752 3586 1007.81 57528.96 1.20 5440 50
1 3846 3585 0.00 0.00 0.00 0 5
1 3846 3584 6757081.26 16723.92 0.96 6831 35
1 5788 3586 1085.21 58013.04 0.96 5471 40
1 3846 3584 6811599.56 15628.48 0.72 6429 30
1 5752 3586 1239.90 58493.12 0.96 5610 45
1 3846 3584 6884403.30 13654.72 20.16 5577 51
1 5788 3586 1155.93 57771.84 48.16 5446 72
1 3846 3584 6933638.80 16112.48 0.00 6579 5
1 5752 3586 1538.18 57841.92 0.96 5471 40
1 3846 3584 6996352.88 17037.44 0.00 6960 5
1 5788 3586 1617.87 57951.92 1.20 5484 50
1 3846 3584 7050498.20 13968.00 0.00 5706 5
1 5752 3586 2143.38 58252.48 1.20 5511 45
1 3846 3584 7110749.41 16423.60 1.84 6756 157
1 5788 3586 1742.98 57535.36 0.96 5389 30
1 3846 3584 0.00 0.00 0.00 0 0
1 5753 3586 2342.43 57795.12 18.00 5634 32
1 3846 3584 0.00 0.00 0.00 0 0
1 5788 3586 1001.02 58253.28 0.96 5851 40
1 3846 3584 0.00 0.00 0.00 0 0
1 5752 3586 1497.63 53262.40 0.96 5400 45
1 3846 3584 7522917.92 5203.12 13.76 2127 31
1 5788 3586 1890.22 62538.48 0.96 6336 40
1 3846 3584 7548546.13 19551.36 1.84 8031 10
1 5752 3586 933.72 58124.48 0.96 5994 40
1 3846 3584 7562502.62 20711.12 4.24 8460 10
1 5788 3586 960.80 57770.80 1.20 5903 45
1 3846 3584 7563859.06 20895.36 42.88 8535 88
1 5752 3586 1272.40 58303.92 0.96 5995 35
1 3846 3584 7552398.96 18196.08 4.24 7479 10
1 5788 3586 1017.31 57603.44 2.96 5919 140
1 3846 3584 7542566.35 17826.00 4.24 7281 10
1 5752 3586 1277.79 57775.12 134.72 5901 70
1 3846 3584 7527351.51 19976.64 4.24 8160 10
1 5788 3586 1169.32 58134.56 1.20 5884 50
1 3846 3584 7532823.76 16915.20 4.24 6954 10
1 5752 3586 1019.15 58131.76 0.96 5899 45
1 3846 3584 7463495.63 20890.16 4.24 8535 10
1 5788 3586 1220.04 57774.80 1.20 5896 45
1 3846 3584 7375736.24 19176.80 4.24 7833 15
1 5752 3586 955.02 58131.36 0.96 5944 40
1 3846 3584 7303972.87 21630.24 8.48 8835 15
1 5776 3586 1036.05 57772.40 1.20 5860 50
1 3846 3584 7295092.13 19911.36 2.24 8133 10
1 5764 3586 910.72 58370.40 1.20 5928 50
1 5153 3584 7231484.46 21257.76 0.24 8685 15
1 5776 3586 1043.84 57170.00 0.96 5797 30
1 5764 3584 7052986.52 20711.28 2.32 8460 229
1 5764 3586 973.25 57770.00 0.96 5909 35
1 5776 3584 7024729.14 20030.40 4.40 8181 252
1 5776 3586 1039.67 58493.92 0.96 5926 35
1 5764 3584 7041156.83 20286.72 13.44 8331 116
1 5764 3586 1267.60 58372.64 4.24 5919 145
1 5776 3584 6748804.76 8943.20 0.00 3654 170
1 5776 3586 969.10 57532.00 91.76 5859 55
1 5764 3584 0.00 0.00 0.00 0 0
1 5764 3586 1059.65 58132.56 0.96 5892 45
1 5776 3584 0.00 0.00 0.00 0 0
1 5776 3586 956.73 57771.20 0.96 5857 40
1 5764 3584 0.00 0.00 0.00 0 0
1 5764 3586 7272.60 58140.96 0.96 5868 35
1 5776 3584 6397047.65 15908.08 20.24 6504 77
1 5776 3586 999.85 57530.16 1.20 5885 45
1 5764 3584 6440025.11 20949.12 4.24 8556 10
1 5764 3586 1009.01 58373.60 1.20 5962 50
1 5776 3584 6459674.20 20037.84 2.24 8229 15
1 5776 3586 977.51 58131.36 0.96 5901 40
1 5764 3584 6461743.09 21014.16 19.44 8583 41
1 5764 3586 1122.63 57770.80 1.20 5861 40
1 5776 3584 6463146.92 19971.52 6.08 8160 10
1 5776 3586 1153.96 57772.80 0.96 5902 35
1 5764 3584 6476101.33 18074.64 4.24 7383 10
1 5764 3586 1118.29 58132.96 0.96 5886 25
1 5776 3584 6492270.29 16972.32 4.24 6933 10
1 5776 3586 2198.97 57775.04 48.32 5845 49
1 5764 3584 6517781.09 15870.08 1.84 6483 10
1 5764 3586 1183.67 56757.36 0.96 5747 35
1 5776 3584 6536798.37 18928.48 0.00 7731 5
1 5776 3586 1077.72 59150.80 0.96 6046 30
1 5764 3584 6556964.66 19176.88 4.24 7833 10
1 5764 3586 924.79 58130.96 0.96 5899 40
1 5776 3584 6460836.16 21629.76 1.84 8835 229
1 5776 3586 926.66 57770.40 1.20 5863 40
1 5764 3584 5721666.05 19425.36 13.76 7935 193
1 5764 3586 1091.14 58372.80 0.96 5915 20
1 5776 3584 0.00 0.00 0.00 0 0
1 5776 3586 1010.26 57048.88 1.20 5808 35
1 5764 3584 0.00 0.00 0.00 0 0
1 5764 3586 999.73 57891.52 0.96 5919 25
1 5776 3584 0.00 0.00 0.00 0 0
1 5776 3586 1635.29 50358.40 0.96 5108 35
1 5764 3584 6130665.73 5759.52 78.64 2352 123
1 5764 3586 3535.42 66511.92 0.96 6736 45
1 5776 3584 5756702.42 19544.16 4.24 7983 10
1 5776 3586 851.88 57528.56 1.20 5843 45
1 5764 3584 5563723.74 21630.24 4.24 8835 10
1 5764 3586 934.95 58132.40 47.92 5899 69
1 5776 3584 5330639.00 21262.88 4.24 8685 10
1 5776 3586 950.37 57770.80 0.96 5865 40
1 5764 3584 5344996.16 20344.00 4.24 8310 10
1 5764 3586 1167.43 58254.08 1.20 5907 35
1 5776 3584 5338930.53 18868.80 3.60 7710 25
1 5776 3586 857.14 57649.68 0.96 5855 40
1 5764 3584 5313505.19 21629.92 1.20 8835 50
1 5764 3586 1025.16 58132.96 0.96 5830 40
1 5776 3584 5293862.64 19919.52 0.24 8181 20
1 5776 3586 1222.58 57772.00 1.20 5532 40
1 5764 3584 5291985.80 18200.64 0.00 7479 202
1 5764 3586 1173.64 58132.16 0.96 5480 35
1 5776 3584 5293890.97 14645.52 2.48 6027 136
1 5776 3586 5521.74 57780.00 0.96 5481 20
1 5764 3584 5235631.19 8267.04 0.00 3375 5
1 5764 3586 1389.24 58134.16 0.96 5461 20
1 5776 3584 4991907.44 13425.12 0.00 5529 10
1 5776 3586 1231.21 57770.80 1.20 5493 40
1 5764 3584 5031479.05 9493.44 1.84 3879 255
1 5764 3586 1106.90 58132.56 0.96 5479 30
1 5776 3584 0.00 0.00 0.00 0 0
1 5776 3586 1265.90 57770.80 0.96 5443 25
1 5764 3584 0.00 0.00 0.00 0 0
1 5764 3586 1238.40 58135.20 47.92 5503 52
1 5776 3584 0.00 0.00 0.00 0 0
1 5776 3586 1054.79 57768.80 0.96 5459 45
1 5764 3584 5453814.09 10784.80 16.16 4404 36
1 5764 3586 1101.73 58132.16 1.20 5472 45
1 5776 3584 5495762.63 15807.28 43.36 6504 98
1 5776 3586 1004.75 57770.80 0.96 5509 40
1 5764 3584 5486205.81 17588.48 6.24 7185 10
1 5764 3586 1007.08 58131.36 0.96 5483 40
1 5776 3584 5290990.89 18082.32 4.24 7431 10
1 5776 3586 1083.45 57770.40 0.96 5457 40
1 5764 3584 5298027.69 16245.68 1.84 6681 5
1 5764 3586 1123.30 57770.80 0.96 5496 40
1 5776 3584 5323511.10 17458.56 1.84 7131 10
1 5776 3586 1358.06 58133.76 1.20 5501 40
1 5764 3584 5359427.31 11338.80 0.00 4677 5
1 5764 3586 1081.23 57409.44 0.96 5418 35
1 5764 3584 5374115.49 19425.36 4.24 7935 10
1 5776 3586 1130.97 58493.92 0.96 5516 40
1 5776 3584 5385771.73 13292.24 0.00 5427 5
1 5764 3586 1023.81 58130.56 1.20 5493 50
1 5764 3584 5400764.89 18876.40 11.28 7758 45
1 5764 3586 1785.87 53584.32 3.44 5089 47
1 5776 3584 5396067.32 14886.48 13.68 6081 30
1 5776 3586 2199.28 62323.92 7.44 5908 114
1 5764 3584 5417477.25 17156.16 4.24 7008 15
1 5764 3586 1030.43 57769.20 2.96 5470 150
1 5776 3584 5429987.55 16730.96 52.08 6879 105
1 5776 3586 1055.36 58134.00 7.92 5492 141
1 5764 3584 5445968.08 16550.32 4.24 6852 10
1 5752 3586 998.44 58132.16 7.20 5504 158
1 5776 3584 5455039.92 18449.76 1.84 7581 5
1 5788 3586 1158.14 57651.52 79.76 5435 102
1 5764 3584 5468397.96 16539.84 4.24 6756 10
1 5752 3586 1018.61 57890.32 0.96 5472 40
1 5776 3584 5485567.60 16731.60 4.24 6879 10
1 5788 3586 1189.93 58011.44 1.20 5468 50
1 5764 3584 5530108.17 15072.64 3.84 6204 20
1 5752 3586 1038.30 57529.36 0.96 5435 40
1 5776 3584 5572304.12 17466.80 0.96 7179 40
1 5788 3586 1041.20 58371.60 0.96 5506 45
1 5764 3584 5605962.21 17585.04 0.48 7227 30
1 5752 3586 1209.32 57530.56 0.96 5427 35
1 5776 3584 5554251.51 16972.56 0.96 6933 25
1 5788 3586 1220.73 58494.56 48.16 5507 91
1 5752 3584 5343542.91 16907.52 2.08 6906 423
1 5752 3586 1686.40 57774.00 0.96 5472 20
1 5788 3584 0.00 0.00 0.00 0 0
1 5788 3586 1152.48 58012.64 0.96 5460 20
1 5752 3584 0.00 0.00 0.00 0 0
1 5752 3586 1190.45 57891.12 1.20 5459 30
1 5788 3584 0.00 0.00 0.00 0 0
1 5788 3586 1300.07 58013.84 0.96 5498 25
1 5752 3584 5620383.35 1469.76 0.00 600 5
1 5764 3586 1222.71 57892.32 1.20 5619 50
1 5788 3584 5622254.73 19057.68 2.08 7785 15
1 6219 3586 997.39 62346.16 0.96 6133 45
1 5752 3584 5638997.37 20895.12 6.64 8535 10
1 7681 3586 1034.77 77271.44 0.96 7602 40
1 5788 3584 5623942.46 21629.52 4.24 8835 10
1 7705 3586 1171.12 77517.68 0.96 7611 40
1 5752 3584 5612234.21 21073.84 4.24 8610 10
1 7681 3586 1103.94 77032.00 0.96 7572 40
1 5789 3584 5604518.76 21630.00 4.24 8835 10
1 7705 3586 1173.80 76767.12 1.20 7532 40
1 5752 3584 5595267.13 20527.68 1.84 8385 10
1 7681 3586 1057.42 77784.16 0.96 7647 40
1 5789 3584 5571894.10 21629.28 58.72 8835 440
1 7705 3586 1282.24 77519.52 47.92 7604 91
1 5752 3584 5465202.88 9742.48 0.00 3981 210
1 7681 3586 5715.19 75842.24 1.20 7421 25
1 5788 3584 0.00 0.00 0.00 0 0
1 7705 3586 1466.66 78482.80 0.96 7691 20
1 5753 3584 0.00 0.00 0.00 0 0
1 7681 3586 1330.95 77277.84 0.96 7579 20
1 5788 3584 0.00 0.00 0.00 0 0
1 7705 3586 1167.73 77518.48 1.20 7610 45
1 5752 3584 5929759.45 1469.76 0.00 600 5
1 7681 3586 1069.35 76911.28 0.96 7561 40
1 5788 3584 5954403.08 21629.44 33.44 8835 67
1 7705 3586 1120.50 77396.96 0.96 7600 40
1 5752 3584 5976625.92 21629.76 4.24 8835 10
1 7681 3586 1046.21 77151.92 0.96 7585 40
1 5789 3584 5887550.83 21630.24 4.24 8835 10
1 7705 3586 1117.76 77396.16 0.96 7604 40
1 5752 3584 5590007.39 21808.72 4.24 8910 10
1 7681 3586 1037.64 77151.92 0.96 7588 45
1 5788 3584 5583257.67 21013.68 31.12 8583 67
1 7705 3586 1091.88 77392.16 0.96 7384 40
1 5752 3584 5580775.73 21630.24 4.24 8835 10
1 7681 3586 1232.87 76916.72 48.16 7205 72
1 5788 3584 5583510.40 17707.20 0.00 7233 5
1 7705 3586 1140.81 77870.24 0.96 7304 40
1 5752 3584 5592835.89 20338.96 4.24 8310 10
1 7681 3586 1233.72 76912.48 0.96 7247 40
1 5788 3584 5626774.21 19911.60 15.76 8133 309
1 7705 3586 1289.15 76792.56 0.96 7188 50
1 5752 3584 5638822.78 8947.92 0.00 3654 86
1 7681 3586 1228.41 77757.52 0.96 7278 40
1 5788 3584 0.00 0.00 0.00 0 0
1 7705 3586 1229.97 77633.60 0.96 7282 40
1 5752 3584 0.00 0.00 0.00 0 0
1 7681 3586 1111.82 76912.08 0.96 7213 40
1 5789 3584 0.00 0.00 0.00 0 0
1 7705 3586 1848.46 77276.24 1.20 7216 45
1 5752 3584 5914896.78 16244.64 35.12 6681 72
1 7681 3586 1100.81 77272.64 0.96 7248 40
1 5788 3584 5903122.82 19792.48 43.20 8085 92
1 7705 3586 1117.81 77632.80 0.96 7287 40
1 5752 3584 5922643.16 21074.16 4.24 8610 10
1 7681 3586 1139.54 77149.12 0.96 7235 40
1 5776 3584 5823835.59 19544.24 4.24 7983 10
1 7705 3586 1149.49 77035.68 94.88 7222 89
1 5764 3584 5466652.20 20160.24 1.84 8235 5
1 7681 3586 1163.15 77274.24 1.20 7242 45
1 5776 3584 5448173.50 19296.00 4.24 7881 10
1 7705 3586 1120.26 77634.00 0.96 7276 40
1 5764 3584 5414208.13 20339.20 4.24 8310 10
1 7681 3586 1164.45 77149.12 0.96 7234 40
1 5776 3584 5396205.02 20279.04 4.88 8283 45
1 7705 3586 1148.46 77034.80 0.96 7224 45
1 5764 3584 5365583.30 19425.60 0.96 7935 40
1 7681 3586 1057.17 77272.24 0.96 7253 40
1 5776 3584 5298434.25 21630.24 1.20 8835 50
1 7705 3586 1145.77 77635.20 0.96 7279 40
1 7094 3584 5229335.93 20090.56 0.72 8208 35
1 7681 3586 1297.61 76912.48 1.20 7207 45
1 7705 3584 5269855.21 19799.76 44.40 8133 270
1 7705 3586 1191.25 77152.72 0.96 7227 40
1 7681 3584 5273258.88 20526.72 7.36 8385 464
1 7681 3586 1235.99 77274.24 0.96 7233 40
1 7705 3584 5197278.24 19792.32 5.52 8085 402
1 7705 3586 1177.82 77032.80 0.96 7260 40
1 7681 3584 5201764.89 2631.76 0.00 1077 85
1 7681 3586 5249.46 72707.84 4.56 6816 77
1 7705 3584 0.00 0.00 0.00 0 0
1 7705 3586 13143.50 69463.04 44.56 6503 40
1 7681 3584 0.00 0.00 0.00 0 0
1 7681 3586 17480.52 76466.80 0.96 7154 40
1 7705 3584 0.00 0.00 0.00 0 0
1 7705 3586 18780.32 80515.36 0.96 7534 40
1 7681 3584 5639613.63 12313.36 18.24 5031 47
1 7681 3586 6304.65 87041.92 0.96 8108 40
1 7705 3584 5635048.10 19295.76 4.24 7881 10
1 7705 3586 1129.27 77732.56 0.96 7285 40
1 7682 3584 5622148.56 20397.84 4.24 8331 10
1 7681 3586 1315.87 77394.96 0.96 7247 45
1 7705 3584 5609945.02 20527.20 15.60 8385 265
1 7705 3586 2561.10 70975.04 0.96 6638 40
1 7681 3584 5584962.33 6554.40 0.00 2679 120
1 7681 3586 4461.46 83581.04 0.96 7844 40
1 7705 3584 0.00 0.00 0.00 0 0
1 7705 3586 1142.94 77152.72 0.96 7233 40
1 7681 3584 0.00 0.00 0.00 0 0
1 7681 3586 1081.62 77393.36 1.20 7257 45
1 7705 3584 0.00 0.00 0.00 0 0
1 7705 3586 1556.40 77157.52 0.96 7214 40
1 7681 3584 5997959.54 12313.60 0.24 5031 10
1 7681 3586 1226.24 77394.80 47.92 7250 62
1 7705 3584 6004758.34 20646.48 4.24 8433 10
1 7705 3586 1072.14 77151.52 0.96 7239 40
1 7681 3584 5970736.57 21629.28 9.60 8835 293
1 7681 3586 1088.28 77393.36 0.96 7256 40
1 7705 3584 5950214.98 21261.84 7.36 8685 464
1 7705 3586 1091.28 77512.88 0.96 7278 45
1 7681 3584 5535522.19 21559.36 5.52 8808 487
1 7681 3586 1333.95 75052.88 0.96 7035 40
1 7705 3584 5491338.20 367.44 0.00 150 0
1 7705 3586 1483.23 79133.04 0.96 7408 40
1 7681 3584 0.00 0.00 0.00 0 0
1 7681 3586 1084.20 77392.56 0.96 7257 40
1 7705 3584 0.00 0.00 0.00 0 0
1 7705 3586 1227.23 77513.68 0.96 7270 40
1 7681 3584 5878959.38 3540.64 0.00 1302 110
1 7681 3586 1031.46 77030.40 0.96 7229 45
1 7705 3584 5865415.94 24245.28 13.04 8685 346
1 7705 3586 1072.90 77151.52 0.96 7243 40
1 7681 3584 5828979.07 5958.56 0.00 1902 85
1 7681 3586 1134.69 77393.76 0.96 7249 40
1 7705 3584 0.00 0.00 0.00 0 0
1 7705 3586 1100.85 76330.24 0.96 7166 40
1 7681 3584 0.00 0.00 0.00 0 0
1 7681 3586 1170.72 78215.68 48.16 7372 67
1 7693 3584 0.00 0.00 0.00 0 0
1 7705 3586 1114.53 77151.92 0.96 7238 40
1 7693 3584 6217403.21 26662.08 124.72 7683 491
1 7681 3586 1037.07 77391.36 0.96 7263 40
1 7693 3584 6171897.45 32240.80 4.24 8835 10
1 7705 3586 1087.80 77512.88 0.96 7278 40
1 7693 3584 6103083.46 33837.44 6.48 8658 20
1 7681 3586 1222.50 77032.80 0.96 7221 40
1 7693 3584 5654746.68 36713.04 4.24 8535 10
1 7693 3586 1109.02 77152.32 0.96 7280 45
1 7693 3584 5524624.33 40437.52 24.32 8583 206
1 7693 3586 1243.31 77394.56 1.20 7288 45
1 7693 3584 5433771.42 42403.92 11.76 8283 232
1 7694 3584 5275380.68 49257.20 53.84 8910 363
1 7705 3584 5066197.58 52509.52 1.20 8835 50
1 7681 3584 4615054.22 57137.20 1.20 8835 50
1 7706 3584 4416063.61 60884.00 1.20 8835 50
1 7681 3584 4231873.58 65006.16 1.20 8910 50
1 7693 3584 4024721.76 65390.16 1.20 8610 50
1 7693 3584 3426354.54 70546.40 1.20 8835 45
1 7705 3584 2800816.30 74170.64 48.16 8835 156
1 7681 3584 2273487.09 77606.48 1.20 8712 50
1 7693 3584 1401988.69 83591.12 1.20 8835 50
1 7693 3584 1225370.61 86366.48 1.20 8835 50
1 7693 3584 1109575.20 90882.64 1.20 8835 50
1 7693 3584 1069670.33 94323.52 1.20 8910 50
1 7693 3584 1003449.58 93876.48 4.48 8835 20
1 7693 3584 952383.06 93876.56 1.44 8835 45
1 7693 3584 907902.37 93876.24 6.64 8835 56
1 7693 3584 876600.65 94652.88 1.20 8910 45
1 7693 3584 851828.18 93876.56 1.20 8835 50
1 7693 3584 829748.85 93876.40 95.12 8835 178
1 7693 3584 808111.68 93876.56 1.20 8835 50
1 7693 3584 786293.25 94653.28 1.20 8910 50
1 7693 3584 763951.26 93876.32 1.20 8835 50
1 7693 3584 740845.93 93876.24 1.20 8835 50
1 7693 3584 719191.64 93876.48 1.20 8835 50
